** Period (Monthly) Age-Specific Probabilities of Death for Australia in 1997 
* Retrieved from the World Population Prospects 2024. Single age life tables up to age 100 Medium variant 
* https://population.un.org/wpp/assets/Excel%20Files/1_Indicator%20(Standard)/CSV_FILES/WPP2024_Life_Table_Complete_Medium_Female_1950-2023.csv.gz and 
* https://population.un.org/wpp/assets/Excel%20Files/1_Indicator%20(Standard)/CSV_FILES/WPP2024_Life_Table_Complete_Medium_Male_1950-2023.csv.gz and 
* United Nations. Population Division. Department of Economic and Social Affairs 
* Data downloaded on  03 Jul 2025 17:37:29 CEST 
** NB: The original WPP annual probabilities have been converted into monthly probabilities 
** The final age interval is limited to one year [100-101) 

death 1 F single 
1 0 0.000429107954490138 
2 0 0.000031666347917958 
3 0 0.0000191661869225479 
4 0 0.0000166665276674083 
5 0 0.0000166665276674083 
6 0 0.0000158330453632338 
7 0 0.00000999971661719279 
8 0 0.0000141669371428454 
9 0 0.00000916629543457059 
10 0 0.00000666691112360951 
11 0 0.00000750030939278279 
12 0 0.00000999971661719279 
13 0 0.00000999971661719279 
14 0 0.0000133334777554506 
15 0 0.0000141669371428454 
16 0 0.0000224994506968779 
17 0 0.000029166344928 
18 0 0.0000324991417722797 
19 0 0.0000349992364201412 
20 0 0.0000283327480117279 
21 0 0.000038332247120576 
22 0 0.000039165935736496 
23 0 0.0000374993998274453 
24 0 0.0000299999494883796 
25 0 0.0000274999923247643 
26 0 0.0000308327280768017 
27 0 0.0000358328944697339 
28 0 0.0000416662137441293 
29 0 0.0000308327280768017 
30 0 0.000038332247120576 
31 0 0.0000424990992133889 
32 0 0.0000424990992133889 
33 0 0.0000483320125058695 
34 0 0.0000499987470196084 
35 0 0.0000649982312016517 
36 0 0.0000574981797391017 
37 0 0.0000583320441455148 
38 0 0.0000541653000921682 
39 0 0.0000699977753336745 
40 0 0.0000716640731535101 
41 0 0.0000733304015181346 
42 0 0.0000866629623158532 
43 0 0.0000849963895356298 
44 0 0.000101661823937227 
45 0 0.0000991615637143672 
46 0 0.000122492490570281 
47 0 0.000110827530127589 
48 0 0.000133324387889933 
49 0 0.000151655599556766 
50 0 0.00017498497705748 
51 0 0.000228307298496433 
52 0 0.000174151711707426 
53 0 0.000239138445660148 
54 0 0.000246636788480359 
55 0 0.000244969786716176 
56 0 0.000304120676295483 
57 0 0.00031245138343361 
58 0 0.000352438201156602 
59 0 0.000412415859466164 
60 0 0.0004090841702723 
61 0 0.000494878925498154 
62 0 0.000534025720356324 
63 0 0.000587330219499305 
64 0 0.000593159623198281 
65 0 0.000644795109681517 
66 0 0.000718912458933629 
67 0 0.000908762607696456 
68 0 0.000942065889216748 
69 0 0.00110523800697848 
70 0 0.00107610201854313 
71 0 0.00123592512816406 
72 0 0.00140238214486543 
73 0 0.00158379194096325 
74 0 0.00175186141975403 
75 0 0.00203386359965874 
76 0 0.00208127316039608 
77 0 0.00244717717760745 
78 0 0.00276475885516381 
79 0 0.00308309055650891 
80 0 0.00341962179504507 
81 0 0.00413395096087776 
82 0 0.00433655493215646 
83 0 0.00522967304354738 
84 0 0.00581457448256428 
85 0 0.00670689586620976 
86 0 0.00743304994977789 
87 0 0.00867590989046918 
88 0 0.0097616873079277 
89 0 0.0105764064265839 
90 0 0.012068022556571 
91 0 0.0133499765876988 
92 0 0.0153659587802236 
93 0 0.0171348541620002 
94 0 0.0184166606988906 
95 0 0.0209630314395549 
96 0 0.0229767189495975 
97 0 0.0252832231513747 
98 0 0.0277188926624028 
99 0 0.0302722260856915 
100 0 0.0329286067437282 
101 0 0.0833333333333333 

death 1 M single 
1 0 0.000489669116980562 
2 0 0.0000524984891835389 
3 0 0.0000283327480117279 
4 0 0.0000266664106883807 
5 0 0.000023332994124492 
6 0 0.0000183335152015296 
7 0 0.00000999971661719279 
8 0 0.0000125000260093877 
9 0 0.00000999971661719279 
10 0 0.00000999971661719279 
11 0 0.0000108331454403698 
12 0 0.0000133334777554506 
13 0 0.0000149995707006134 
14 0 0.0000166665276674083 
15 0 0.0000258328366956606 
16 0 0.0000399987982981909 
17 0 0.0000466653085511304 
18 0 0.0000741635771550619 
19 0 0.0000908295279488103 
20 0 0.000112493742205344 
21 0 0.000106660882083109 
22 0 0.000101661823937227 
23 0 0.000101661823937227 
24 0 0.000106660882083109 
25 0 0.0000916628639935357 
26 0 0.000104161318644547 
27 0 0.00011415998482589 
28 0 0.000113327276884068 
29 0 0.0000983281589223006 
30 0 0.000105827408531933 
31 0 0.000104161318644547 
32 0 0.00010249442502086 
33 0 0.000120826095202364 
34 0 0.000100828396221719 
35 0 0.000121658871843011 
36 0 0.0000974955959988089 
37 0 0.000119992491757204 
38 0 0.000113327276884068 
39 0 0.000117493396111668 
40 0 0.000146655735667411 
41 0 0.000139990234681586 
42 0 0.000152488658700212 
43 0 0.000163319957243613 
44 0 0.000185816451737875 
45 0 0.000165819478322393 
46 0 0.000197480183529275 
47 0 0.000192481973855463 
48 0 0.000217476606595435 
49 0 0.000237471581419624 
50 0 0.000238305427479157 
51 0 0.000314950828115612 
52 0 0.000338276160053774 
53 0 0.000365767425558383 
54 0 0.000392423371627926 
55 0 0.000396588912659812 
56 0 0.000499876198451155 
57 0 0.000483218015083553 
58 0 0.00060315435614422 
59 0 0.000653956169614056 
60 0 0.000696428049957953 
61 0 0.000854641679092105 
62 0 0.000962880431794155 
63 0 0.00108109679429735 
64 0 0.00110523800697848 
65 0 0.00126672138256601 
66 0 0.00134995055046605 
67 0 0.00153220130534015 
68 0 0.00181009804747079 
69 0 0.00193987045265442 
70 0 0.00215363077992947 
71 0 0.00228419752762987 
72 0 0.00262759355973852 
73 0 0.00295842686548009 
74 0 0.00322269932144281 
75 0 0.00354341082717913 
76 0 0.00392301299925346 
77 0 0.00426763956787912 
78 0 0.00475910830669091 
79 0 0.00507283385535084 
80 0 0.00583780037244408 
81 0 0.00665134567869352 
82 0 0.00753664731221004 
83 0 0.0085226576028018 
84 0 0.00870572995611418 
85 0 0.0101922528964606 
86 0 0.0113371657445998 
87 0 0.0120018101172322 
88 0 0.0134815609157981 
89 0 0.0145466360217147 
90 0 0.016443616909129 
91 0 0.017955386549327 
92 0 0.01953910644756 
93 0 0.0213063193781359 
94 0 0.0235078536933452 
95 0 0.0267715602261798 
96 0 0.0278142668121044 
97 0 0.0300801624392775 
98 0 0.0324282990777628 
99 0 0.0348466493318392 
100 0 0.0373215589633474 
101 0 0.0833333333333333 
