** Period (Monthly) Age-Specific Fertility Rates for Australia in 1989 
* Retrieved from the World Population Prospects 2024 
* https://population.un.org/wpp/assets/Excel%20Files/1_Indicator%20(Standard)/CSV_FILES/WPP2024_Fertility_by_Age1.csv.gz 
* United Nations. Population Division. Department of Economic and Social Affairs 
* Data downloaded on  03 Jul 2025 17:36:52 CEST 
** NB: The original WPP annual rates have been converted into monthly rates 

birth 1 F single 0 
15 0 0 
16 0 0.000449166666666667 
17 0 0.000746166666666667 
18 0 0.001567 
19 0 0.0024375 
20 0 0.0033495 
21 0 0.00436083333333333 
22 0 0.00529475 
23 0 0.00646208333333333 
24 0 0.0077295 
25 0 0.00890516666666667 
26 0 0.0102965 
27 0 0.0113136666666667 
28 0 0.0117305 
29 0 0.0115805 
30 0 0.0115054166666667 
31 0 0.0104806666666667 
32 0 0.00926233333333333 
33 0 0.00804408333333333 
34 0 0.00666725 
35 0 0.00550733333333333 
36 0 0.00432858333333333 
37 0 0.00347125 
38 0 0.00252225 
39 0 0.001848 
40 0 0.0013485 
41 0 0.000860916666666667 
42 0 0.0005655 
43 0 0.000337666666666667 
44 0 0.00017725 
45 0 0.00010975 
46 0 0.0000415 
47 0 0.0000138333333333333 
48 0 0.00000691666666666667 
49 0 0 
50 0 0.0000116666666666667 
101 0 0 

birth 1 F married 0 
15 0 0 
16 0 0.000449166666666667 
17 0 0.000746166666666667 
18 0 0.001567 
19 0 0.0024375 
20 0 0.0033495 
21 0 0.00436083333333333 
22 0 0.00529475 
23 0 0.00646208333333333 
24 0 0.0077295 
25 0 0.00890516666666667 
26 0 0.0102965 
27 0 0.0113136666666667 
28 0 0.0117305 
29 0 0.0115805 
30 0 0.0115054166666667 
31 0 0.0104806666666667 
32 0 0.00926233333333333 
33 0 0.00804408333333333 
34 0 0.00666725 
35 0 0.00550733333333333 
36 0 0.00432858333333333 
37 0 0.00347125 
38 0 0.00252225 
39 0 0.001848 
40 0 0.0013485 
41 0 0.000860916666666667 
42 0 0.0005655 
43 0 0.000337666666666667 
44 0 0.00017725 
45 0 0.00010975 
46 0 0.0000415 
47 0 0.0000138333333333333 
48 0 0.00000691666666666667 
49 0 0 
50 0 0.0000116666666666667 
101 0 0 
