** Period (Monthly) Age-Specific Probabilities of Death for Australia in 1955 
* Retrieved from the World Population Prospects 2024. Single age life tables up to age 100 Medium variant 
* https://population.un.org/wpp/assets/Excel%20Files/1_Indicator%20(Standard)/CSV_FILES/WPP2024_Life_Table_Complete_Medium_Female_1950-2023.csv.gz and 
* https://population.un.org/wpp/assets/Excel%20Files/1_Indicator%20(Standard)/CSV_FILES/WPP2024_Life_Table_Complete_Medium_Male_1950-2023.csv.gz and 
* United Nations. Population Division. Department of Economic and Social Affairs 
* Data downloaded on  03 Jul 2025 17:37:04 CEST 
** NB: The original WPP annual probabilities have been converted into monthly probabilities 
** The final age interval is limited to one year [100-101) 

death 1 F single 
1 0 0.00162747140804653 
2 0 0.000188315756484148 
3 0 0.000101661823937227 
4 0 0.0000774971901148502 
5 0 0.0000749975944498438 
6 0 0.000047499073593138 
7 0 0.0000433319923137665 
8 0 0.000039165935736496 
9 0 0.0000333327768948788 
10 0 0.000029166344928 
11 0 0.0000266664106883807 
12 0 0.000029166344928 
13 0 0.0000266664106883807 
14 0 0.0000333327768948788 
15 0 0.0000408325021981071 
16 0 0.0000333327768948788 
17 0 0.0000499987470196084 
18 0 0.0000441657267835627 
19 0 0.000050831708836796 
20 0 0.000038332247120576 
21 0 0.000049165792834871 
22 0 0.0000499987470196084 
23 0 0.0000674975519204812 
24 0 0.0000549983000887044 
25 0 0.0000458323849097386 
26 0 0.0000483320125058695 
27 0 0.0000499987470196084 
28 0 0.0000558321415637941 
29 0 0.0000683306740973944 
30 0 0.0000524984891835389 
31 0 0.0000649982312016517 
32 0 0.0000724972335176544 
33 0 0.000108327852112788 
34 0 0.000101661823937227 
35 0 0.0000991615637143672 
36 0 0.000104161318644547 
37 0 0.000116659823229059 
38 0 0.000117493396111668 
39 0 0.000151655599556766 
40 0 0.00016665266728999 
41 0 0.000165819478322393 
42 0 0.000177483983980542 
43 0 0.000252468610669188 
44 0 0.00022997399467295 
45 0 0.000225807729240191 
46 0 0.000309952007490732 
47 0 0.000286625583478806 
48 0 0.000296622605853059 
49 0 0.000338276160053774 
50 0 0.000444068813614695 
51 0 0.000391590621106941 
52 0 0.000395756123965696 
53 0 0.000441570002117309 
54 0 0.000578168327047046 
55 0 0.000658120287933106 
56 0 0.00068893280409954 
57 0 0.000627306471148392 
58 0 0.000655621458291344 
59 0 0.000811344095343003 
60 0 0.000902933958108032 
61 0 0.000950392144342116 
62 0 0.000995349255802358 
63 0 0.00126339201089232 
64 0 0.00135744134133231 
65 0 0.00147145443007646 
66 0 0.0016678302141564 
67 0 0.00177931662462116 
68 0 0.00206380655881433 
69 0 0.00223263768084869 
70 0 0.00232993408694337 
71 0 0.00269410030627393 
72 0 0.00271488277947463 
73 0 0.00356501044446023 
74 0 0.0037369631631583 
75 0 0.00427428170686006 
76 0 0.00459890117474038 
77 0 0.00495913633044376 
78 0 0.00567106471624468 
79 0 0.00672347792548955 
80 0 0.00702938675785059 
81 0 0.0072614822035475 
82 0 0.00727971701936714 
83 0 0.00904202191612224 
84 0 0.0103537015404042 
85 0 0.0120754716183799 
86 0 0.0126068078528272 
87 0 0.0147477372356896 
88 0 0.0157897176265311 
89 0 0.0163020712310477 
90 0 0.0174403601211335 
91 0 0.0186816964239124 
92 0 0.0207118265729798 
93 0 0.0219590778982391 
94 0 0.0236291005804362 
95 0 0.0301617235781487 
96 0 0.0290221160394215 
97 0 0.0311350176881597 
98 0 0.0333124693612048 
99 0 0.0355447061147598 
100 0 0.0378208844648203 
101 0 0.0833333333333333 

death 1 M single 
1 0 0.00208815858721756 
2 0 0.000220808796943528 
3 0 0.000143322924076039 
4 0 0.0000991615637143672 
5 0 0.0000749975944498438 
6 0 0.0000516655120934573 
7 0 0.0000566651568346677 
8 0 0.000050831708836796 
9 0 0.000050831708836796 
10 0 0.0000341664196621405 
11 0 0.000039165935736496 
12 0 0.0000574981797391017 
13 0 0.0000449986351540588 
14 0 0.0000499987470196084 
15 0 0.0000566651568346677 
16 0 0.0000799968545148744 
17 0 0.000117493396111668 
18 0 0.000117493396111668 
19 0 0.000172485203923878 
20 0 0.000163319957243613 
21 0 0.00013832351850418 
22 0 0.000176651530674921 
23 0 0.000142489948931956 
24 0 0.000125825372957022 
25 0 0.000129158377552785 
26 0 0.000141656981421323 
27 0 0.000137490589173339 
28 0 0.000127491859978179 
29 0 0.000149988669465251 
30 0 0.000137490589173339 
31 0 0.000145822729980871 
32 0 0.000149988669465251 
33 0 0.000163319957243613 
34 0 0.000134991012402996 
35 0 0.000164153123299315 
36 0 0.000162486798824801 
37 0 0.000180817213416895 
38 0 0.00017498497705748 
39 0 0.000215810139575057 
40 0 0.000216642951604951 
41 0 0.00023247284304484 
42 0 0.000248302985207616 
43 0 0.000329112579936064 
44 0 0.00031245138343361 
45 0 0.000344941162365831 
46 0 0.000376596558956499 
47 0 0.000437404910746397 
48 0 0.000479053527506434 
49 0 0.000577335549783897 
50 0 0.000641464120475943 
51 0 0.000775537820589478 
52 0 0.000668946545710369 
53 0 0.00082466681821991 
54 0 0.000921251064787132 
55 0 0.00110690315478834 
56 0 0.00117516168604981 
57 0 0.00135078283004109 
58 0 0.00131000164646278 
59 0 0.0015621580458457 
60 0 0.00161790706696607 
61 0 0.0017551892157035 
62 0 0.0018932868853665 
63 0 0.00216527439503755 
64 0 0.00253032191858338 
65 0 0.00264671430470198 
66 0 0.00315206609588847 
67 0 0.00298336053008508 
68 0 0.00363229829962908 
69 0 0.00400108043176817 
70 0 0.00407166960473659 
71 0 0.0045258473912172 
72 0 0.00462297441291659 
73 0 0.00552505354489619 
74 0 0.00585439077408978 
75 0 0.00674088801179018 
76 0 0.0067060667085701 
77 0 0.00771979483284835 
78 0 0.00756233877263202 
79 0 0.00903953644899047 
80 0 0.00996538489282228 
81 0 0.0103396266494594 
82 0 0.0100506684603185 
83 0 0.0122517596181083 
84 0 0.0125968773183563 
85 0 0.0151408464370169 
86 0 0.0164568617097491 
87 0 0.0168219225419454 
88 0 0.0184489610149143 
89 0 0.0202550928216387 
90 0 0.0228992756686835 
91 0 0.0237628199622135 
92 0 0.0207109957159431 
93 0 0.0247948162583843 
94 0 0.0306449578991379 
95 0 0.034322035578261 
96 0 0.0328032134021798 
97 0 0.0348746517380603 
98 0 0.0369873009870736 
99 0 0.0391318329102689 
100 0 0.041298344139567 
101 0 0.0833333333333333 
