** Period (Monthly) Age-Specific Probabilities of Death for Australia in 2015 
* Retrieved from the World Population Prospects 2024. Single age life tables up to age 100 Medium variant 
* https://population.un.org/wpp/assets/Excel%20Files/1_Indicator%20(Standard)/CSV_FILES/WPP2024_Life_Table_Complete_Medium_Female_1950-2023.csv.gz and 
* https://population.un.org/wpp/assets/Excel%20Files/1_Indicator%20(Standard)/CSV_FILES/WPP2024_Life_Table_Complete_Medium_Male_1950-2023.csv.gz and 
* United Nations. Population Division. Department of Economic and Social Affairs 
* Data downloaded on  03 Jul 2025 17:37:41 CEST 
** NB: The original WPP annual probabilities have been converted into monthly probabilities 
** The final age interval is limited to one year [100-101) 

death 1 F single 
1 0 0.000238062291214702 
2 0 0.0000158330453632338 
3 0 0.0000149995707006134 
4 0 0.00000666691112360951 
5 0 0.00000916629543457059 
6 0 0.00000416676215586609 
7 0 0.00000583352049443597 
8 0 0.00000583352049443597 
9 0 0.00000583352049443597 
10 0 0.00000833371530217786 
11 0 0.00000583352049443597 
12 0 0.00000666691112360951 
13 0 0.00000750030939278279 
14 0 0.0000108331454403698 
15 0 0.00000833371530217786 
16 0 0.0000175000176134699 
17 0 0.0000183335152015296 
18 0 0.0000158330453632338 
19 0 0.0000191661869225479 
20 0 0.0000175000176134699 
21 0 0.0000208332202944472 
22 0 0.0000116665819044348 
23 0 0.0000183335152015296 
24 0 0.0000266664106883807 
25 0 0.0000125000260093877 
26 0 0.0000175000176134699 
27 0 0.0000274999923247643 
28 0 0.0000224994506968779 
29 0 0.0000191661869225479 
30 0 0.0000283327480117279 
31 0 0.0000199996997872764 
32 0 0.000029166344928 
33 0 0.000031666347917958 
34 0 0.000031666347917958 
35 0 0.000039165935736496 
36 0 0.0000583320441455148 
37 0 0.0000483320125058695 
38 0 0.0000499987470196084 
39 0 0.0000541653000921682 
40 0 0.0000583320441455148 
41 0 0.0000633312216504756 
42 0 0.0000741635771550619 
43 0 0.0000791636254107164 
44 0 0.0000808300912565896 
45 0 0.0000858296721063523 
46 0 0.0000949954503661754 
47 0 0.0000966622064806355 
48 0 0.000121658871843011 
49 0 0.000130824925681949 
50 0 0.000136657667474838 
51 0 0.000152488658700212 
52 0 0.000159154241516912 
53 0 0.000180817213416895 
54 0 0.000192481973855463 
55 0 0.000207478262763794 
56 0 0.000219975946741502 
57 0 0.000238305427479157 
58 0 0.000247469883025708 
59 0 0.000284126917669214 
60 0 0.000293290978901628 
61 0 0.000335777746620414 
62 0 0.000326613582075641 
63 0 0.000385759907367889 
64 0 0.000394922505941309 
65 0 0.000446567693829225 
66 0 0.00043823808122001 
67 0 0.000544020656751076 
68 0 0.000615646172463569 
69 0 0.000687267744362119 
70 0 0.000679772414610591 
71 0 0.000806347316854583 
72 0 0.000938735769279608 
73 0 0.000981196155485531 
74 0 0.00111522766462513 
75 0 0.00128087088403894 
76 0 0.00139239553938175 
77 0 0.00172607067893515 
78 0 0.00179595506062802 
79 0 0.00210871991908701 
80 0 0.0023332600694298 
81 0 0.00270324393889287 
82 0 0.00304236861760798 
83 0 0.00361651533705976 
84 0 0.0041140211133176 
85 0 0.00472424576757957 
86 0 0.00577226940013931 
87 0 0.00636444899616317 
88 0 0.00743304994977789 
89 0 0.00814155916502424 
90 0 0.00941471182971521 
91 0 0.0115987277119539 
92 0 0.0127268103030849 
93 0 0.0146409787499537 
94 0 0.0168128149832191 
95 0 0.0188879464105683 
96 0 0.0211057855604143 
97 0 0.0236612109977468 
98 0 0.0263990541546912 
99 0 0.029304365403006 
100 0 0.0323564401905222 
101 0 0.0833333333333333 

death 1 M single 
1 0 0.000282118170580326 
2 0 0.000023332994124492 
3 0 0.0000141669371428454 
4 0 0.00000916629543457059 
5 0 0.0000125000260093877 
6 0 0.00000916629543457059 
7 0 0.00000916629543457059 
8 0 0.00000666691112360951 
9 0 0.00000500013750526218 
10 0 0.00000583352049443597 
11 0 0.00000833371530217786 
12 0 0.00000750030939278279 
13 0 0.00000666691112360951 
14 0 0.0000133334777554506 
15 0 0.00000916629543457059 
16 0 0.0000241665451951034 
17 0 0.000023332994124492 
18 0 0.0000333327768948788 
19 0 0.0000449986351540588 
20 0 0.000049165792834871 
21 0 0.000047499073593138 
22 0 0.0000424990992133889 
23 0 0.0000458323849097386 
24 0 0.000050831708836796 
25 0 0.0000524984891835389 
26 0 0.0000499987470196084 
27 0 0.0000624981452916895 
28 0 0.0000558321415637941 
29 0 0.0000574981797391017 
30 0 0.0000599981281388384 
31 0 0.0000649982312016517 
32 0 0.0000741635771550619 
33 0 0.0000741635771550619 
34 0 0.0000724972335176544 
35 0 0.0000758307853678808 
36 0 0.0000791636254107164 
37 0 0.0000949954503661754 
38 0 0.0000874962601642437 
39 0 0.000101661823937227 
40 0 0.000104161318644547 
41 0 0.000112493742205344 
42 0 0.000118326142219627 
43 0 0.00013915729007774 
44 0 0.000161653648042992 
45 0 0.000159987369389158 
46 0 0.000157488008681206 
47 0 0.000161653648042992 
48 0 0.000194981461896671 
49 0 0.00022997399467295 
50 0 0.00022747437958015 
51 0 0.000249136095026081 
52 0 0.000271629603992407 
53 0 0.000259133172844983 
54 0 0.000314950828115612 
55 0 0.000340775478638533 
56 0 0.00037576311666998 
57 0 0.000396588912659812 
58 0 0.00043823808122001 
59 0 0.000474055724188238 
60 0 0.000483218015083553 
61 0 0.000588995964891481 
62 0 0.000576502780153865 
63 0 0.000644795109681517 
64 0 0.000692263854835673 
65 0 0.000768043608615598 
66 0 0.000809678471972441 
67 0 0.000892943218192221 
68 0 0.000942065889216748 
69 0 0.00113936782766699 
70 0 0.00114602773049377 
71 0 0.00127587693910935 
72 0 0.00146729350178487 
73 0 0.00159544153184121 
74 0 0.00179013121850957 
75 0 0.00199560162649581 
76 0 0.00229251364817418 
77 0 0.00248376137255413 
78 0 0.00286450567766139 
79 0 0.00309056979825273 
80 0 0.00350602578176817 
81 0 0.00389477564106766 
82 0 0.00465368901284913 
83 0 0.00526286488036254 
84 0 0.00571834964691098 
85 0 0.00660491456832257 
86 0 0.00763361008462515 
87 0 0.00884654716864697 
88 0 0.00992895172062447 
89 0 0.0112361795990568 
90 0 0.0126448778934118 
91 0 0.014124574400358 
92 0 0.0157110884761862 
93 0 0.018176490704751 
94 0 0.0198647528711833 
95 0 0.0225564892386635 
96 0 0.02473862426124 
97 0 0.0273005868194878 
98 0 0.0299978460386683 
99 0 0.0328133599215422 
100 0 0.0357263458409528 
101 0 0.0833333333333333 
