** Period (Monthly) Age-Specific Fertility Rates for Australia in 1954 
* Retrieved from the World Population Prospects 2024 
* https://population.un.org/wpp/assets/Excel%20Files/1_Indicator%20(Standard)/CSV_FILES/WPP2024_Fertility_by_Age1.csv.gz 
* United Nations. Population Division. Department of Economic and Social Affairs 
* Data downloaded on  03 Jul 2025 17:36:45 CEST 
** NB: The original WPP annual rates have been converted into monthly rates 

birth 1 F single 0 
15 0 0 
16 0 0.000163166666666667 
17 0 0.000782583333333333 
18 0 0.00240391666666667 
19 0 0.00511408333333333 
20 0 0.008232 
21 0 0.0119394166666667 
22 0 0.01504875 
23 0 0.01745675 
24 0 0.0185866666666667 
25 0 0.018775 
26 0 0.01828475 
27 0 0.0173704166666667 
28 0 0.0164885833333333 
29 0 0.0153210833333333 
30 0 0.0135799166666667 
31 0 0.0129853333333333 
32 0 0.0107870833333333 
33 0 0.0100818333333333 
34 0 0.00874966666666667 
35 0 0.00807941666666667 
36 0 0.00711975 
37 0 0.00620633333333333 
38 0 0.00526066666666667 
39 0 0.004571 
40 0 0.00372233333333333 
41 0 0.002903 
42 0 0.00209675 
43 0 0.00160075 
44 0 0.00108041666666667 
45 0 0.000603916666666667 
46 0 0.000340083333333333 
47 0 0.000129916666666667 
48 0 0.0000625833333333333 
49 0 0.00002325 
50 0 0.0000261666666666667 
101 0 0 

birth 1 F married 0 
15 0 0 
16 0 0.000163166666666667 
17 0 0.000782583333333333 
18 0 0.00240391666666667 
19 0 0.00511408333333333 
20 0 0.008232 
21 0 0.0119394166666667 
22 0 0.01504875 
23 0 0.01745675 
24 0 0.0185866666666667 
25 0 0.018775 
26 0 0.01828475 
27 0 0.0173704166666667 
28 0 0.0164885833333333 
29 0 0.0153210833333333 
30 0 0.0135799166666667 
31 0 0.0129853333333333 
32 0 0.0107870833333333 
33 0 0.0100818333333333 
34 0 0.00874966666666667 
35 0 0.00807941666666667 
36 0 0.00711975 
37 0 0.00620633333333333 
38 0 0.00526066666666667 
39 0 0.004571 
40 0 0.00372233333333333 
41 0 0.002903 
42 0 0.00209675 
43 0 0.00160075 
44 0 0.00108041666666667 
45 0 0.000603916666666667 
46 0 0.000340083333333333 
47 0 0.000129916666666667 
48 0 0.0000625833333333333 
49 0 0.00002325 
50 0 0.0000261666666666667 
101 0 0 
