** Period (Monthly) Age-Specific Probabilities of Death for Australia in 1959 
* Retrieved from the World Population Prospects 2024. Single age life tables up to age 100 Medium variant 
* https://population.un.org/wpp/assets/Excel%20Files/1_Indicator%20(Standard)/CSV_FILES/WPP2024_Life_Table_Complete_Medium_Female_1950-2023.csv.gz and 
* https://population.un.org/wpp/assets/Excel%20Files/1_Indicator%20(Standard)/CSV_FILES/WPP2024_Life_Table_Complete_Medium_Male_1950-2023.csv.gz and 
* United Nations. Population Division. Department of Economic and Social Affairs 
* Data downloaded on  03 Jul 2025 17:37:06 CEST 
** NB: The original WPP annual probabilities have been converted into monthly probabilities 
** The final age interval is limited to one year [100-101) 

death 1 F single 
1 0 0.0015962675842075 
2 0 0.000142489948931956 
3 0 0.0000858296721063523 
4 0 0.0000591650823251744 
5 0 0.0000533323077286374 
6 0 0.000039165935736496 
7 0 0.0000333327768948788 
8 0 0.0000358328944697339 
9 0 0.000031666347917958 
10 0 0.000029166344928 
11 0 0.0000224994506968779 
12 0 0.000023332994124492 
13 0 0.0000283327480117279 
14 0 0.0000258328366956606 
15 0 0.0000258328366956606 
16 0 0.000031666347917958 
17 0 0.0000341664196621405 
18 0 0.0000416662137441293 
19 0 0.000050831708836796 
20 0 0.0000366657264949666 
21 0 0.0000466653085511304 
22 0 0.0000466653085511304 
23 0 0.000049165792834871 
24 0 0.000047499073593138 
25 0 0.0000458323849097386 
26 0 0.0000458323849097386 
27 0 0.0000549983000887044 
28 0 0.0000574981797391017 
29 0 0.0000724972335176544 
30 0 0.0000666644373789049 
31 0 0.0000749975944498438 
32 0 0.0000841631146032418 
33 0 0.0000933287248128245 
34 0 0.0000874962601642437 
35 0 0.0000916628639935357 
36 0 0.000109160514256912 
37 0 0.00011499353478428 
38 0 0.000104994776919165 
39 0 0.000144989731928336 
40 0 0.000193314572160319 
41 0 0.000162486798824801 
42 0 0.000167485863895145 
43 0 0.000253301758672886 
44 0 0.000207478262763794 
45 0 0.000203313028358298 
46 0 0.000271629603992407 
47 0 0.000305787091089527 
48 0 0.000309119176175154 
49 0 0.000344941162365831 
50 0 0.000467392134796407 
51 0 0.000388258858432078 
52 0 0.000374097091798031 
53 0 0.000453231431214896 
54 0 0.000549018118093381 
55 0 0.00060315435614422 
56 0 0.000544020656751076 
57 0 0.000665615510352491 
58 0 0.000731403402084885 
59 0 0.000841319605842439 
60 0 0.000875458070579982 
61 0 0.000817172756379492 
62 0 0.000893775527486818 
63 0 0.00115102213422569 
64 0 0.00132581522441255 
65 0 0.00144066401219323 
66 0 0.00164037307305243 
67 0 0.00157047862106818 
68 0 0.00170527064976955 
69 0 0.00211537371467707 
70 0 0.00240310822128897 
71 0 0.00262676235175829 
72 0 0.00264172697726628 
73 0 0.0032708945977914 
74 0 0.00375938984519342 
75 0 0.00411651243135336 
76 0 0.00438637096733596 
77 0 0.00523548212614888 
78 0 0.00527033297853496 
79 0 0.00611068195944586 
80 0 0.00686110073889012 
81 0 0.00703767600234917 
82 0 0.00736094344682603 
83 0 0.00920518312035734 
84 0 0.00995544795615777 
85 0 0.0121739618807208 
86 0 0.0125091492863062 
87 0 0.0141171276757968 
88 0 0.0142611231969405 
89 0 0.0170421309150152 
90 0 0.0181648970193294 
91 0 0.0201183416740776 
92 0 0.0193676017775792 
93 0 0.0242521248147942 
94 0 0.0258800973432662 
95 0 0.02830659992684 
96 0 0.030008646079508 
97 0 0.0323117501332811 
98 0 0.03468318657858 
99 0 0.0371101024834664 
100 0 0.0395783660227507 
101 0 0.0833333333333333 

death 1 M single 
1 0 0.00202603386314693 
2 0 0.000188315756484148 
3 0 0.000105827408531933 
4 0 0.0000841631146032418 
5 0 0.000060831181586618 
6 0 0.0000583320441455148 
7 0 0.0000583320441455148 
8 0 0.0000416662137441293 
9 0 0.0000466653085511304 
10 0 0.0000366657264949666 
11 0 0.0000366657264949666 
12 0 0.0000424990992133889 
13 0 0.0000374993998274453 
14 0 0.0000374993998274453 
15 0 0.0000499987470196084 
16 0 0.0000866629623158532 
17 0 0.0000741635771550619 
18 0 0.000117493396111668 
19 0 0.000172485203923878 
20 0 0.000162486798824801 
21 0 0.000160820504897741 
22 0 0.000159987369389158 
23 0 0.000128325532201545 
24 0 0.000124158916488093 
25 0 0.00012665902989617 
26 0 0.000122492490570281 
27 0 0.000119992491757204 
28 0 0.000120826095202364 
29 0 0.000113327276884068 
30 0 0.000119992491757204 
31 0 0.000137490589173339 
32 0 0.000135823918829381 
33 0 0.000162486798824801 
34 0 0.000168319068138079 
35 0 0.000174151711707426 
36 0 0.000168319068138079 
37 0 0.00017498497705748 
38 0 0.000211644523334331 
39 0 0.000207478262763794 
40 0 0.00025829997138338 
41 0 0.000253301758672886 
42 0 0.000246636788480359 
43 0 0.000374930518804995 
44 0 0.000308286352491471 
45 0 0.000309952007490732 
46 0 0.00041324880085114 
47 0 0.000434906282490544 
48 0 0.000495711785237996 
49 0 0.000574004517060467 
50 0 0.000582333166553206 
51 0 0.000627306471148392 
52 0 0.00066644825774187 
53 0 0.000857972923345884 
54 0 0.000993684467163969 
55 0 0.00102115738286712 
56 0 0.00107610201854313 
57 0 0.00120263045742763 
58 0 0.00137491887317798 
59 0 0.00178513977271055 
60 0 0.0019756390778789 
61 0 0.00171691886006997 
62 0 0.00180344279970246 
63 0 0.00224428033809843 
64 0 0.00245466064502575 
65 0 0.00275894034095114 
66 0 0.00324596635022345 
67 0 0.00320192527199348 
68 0 0.00353011858197882 
69 0 0.00398945371412041 
70 0 0.0043523301474756 
71 0 0.00448848888084508 
72 0 0.00450177194984613 
73 0 0.00546946641704338 
74 0 0.0059887612008076 
75 0 0.00682462376915238 
76 0 0.00737586241952903 
77 0 0.00765349902972123 
78 0 0.00807196082758799 
79 0 0.0096755687239034 
80 0 0.0105010687863465 
81 0 0.0096855054183933 
82 0 0.0103628087869011 
83 0 0.0111128406277873 
84 0 0.0131182582930498 
85 0 0.0153593378501587 
86 0 0.0145656685849214 
87 0 0.0169949424844129 
88 0 0.0188407309108262 
89 0 0.0204764002094699 
90 0 0.0214779856653241 
91 0 0.023363363818192 
92 0 0.0256346773712689 
93 0 0.0230271122662157 
94 0 0.0296403513865255 
95 0 0.0315980801019572 
96 0 0.0330263737774369 
97 0 0.0351995358283522 
98 0 0.037416259791108 
99 0 0.0396657348170706 
100 0 0.0419365077234989 
101 0 0.0833333333333333 
