** Period (Monthly) Age-Specific Fertility Rates for Australia in 2021 
* Retrieved from the World Population Prospects 2024 
* https://population.un.org/wpp/assets/Excel%20Files/1_Indicator%20(Standard)/CSV_FILES/WPP2024_Fertility_by_Age1.csv.gz 
* United Nations. Population Division. Department of Economic and Social Affairs 
* Data downloaded on  03 Jul 2025 17:37:00 CEST 
** NB: The original WPP annual rates have been converted into monthly rates 

birth 1 F single 0 
15 0 0 
16 0 0.0000369166666666667 
17 0 0.0001305 
18 0 0.00041675 
19 0 0.000902833333333333 
20 0 0.00149025 
21 0 0.00213541666666667 
22 0 0.00267583333333333 
23 0 0.00311125 
24 0 0.00355008333333333 
25 0 0.00405133333333333 
26 0 0.00475375 
27 0 0.00569975 
28 0 0.00681066666666667 
29 0 0.008012 
30 0 0.00904375 
31 0 0.00982308333333333 
32 0 0.010122 
33 0 0.00996075 
34 0 0.00953941666666667 
35 0 0.00889616666666667 
36 0 0.00801216666666667 
37 0 0.00689816666666667 
38 0 0.00577816666666667 
39 0 0.00469825 
40 0 0.003652 
41 0 0.0025905 
42 0 0.00176975 
43 0 0.00112041666666667 
44 0 0.000661833333333333 
45 0 0.000382166666666667 
46 0 0.000252583333333333 
47 0 0.000144583333333333 
48 0 0.000075 
49 0 0.0000299166666666667 
50 0 0.00000658333333333333 
101 0 0 

birth 1 F married 0 
15 0 0 
16 0 0.0000369166666666667 
17 0 0.0001305 
18 0 0.00041675 
19 0 0.000902833333333333 
20 0 0.00149025 
21 0 0.00213541666666667 
22 0 0.00267583333333333 
23 0 0.00311125 
24 0 0.00355008333333333 
25 0 0.00405133333333333 
26 0 0.00475375 
27 0 0.00569975 
28 0 0.00681066666666667 
29 0 0.008012 
30 0 0.00904375 
31 0 0.00982308333333333 
32 0 0.010122 
33 0 0.00996075 
34 0 0.00953941666666667 
35 0 0.00889616666666667 
36 0 0.00801216666666667 
37 0 0.00689816666666667 
38 0 0.00577816666666667 
39 0 0.00469825 
40 0 0.003652 
41 0 0.0025905 
42 0 0.00176975 
43 0 0.00112041666666667 
44 0 0.000661833333333333 
45 0 0.000382166666666667 
46 0 0.000252583333333333 
47 0 0.000144583333333333 
48 0 0.000075 
49 0 0.0000299166666666667 
50 0 0.00000658333333333333 
101 0 0 
