** Period (Monthly) Age-Specific Fertility Rates for Australia in 2000 
* Retrieved from the World Population Prospects 2024 
* https://population.un.org/wpp/assets/Excel%20Files/1_Indicator%20(Standard)/CSV_FILES/WPP2024_Fertility_by_Age1.csv.gz 
* United Nations. Population Division. Department of Economic and Social Affairs 
* Data downloaded on  03 Jul 2025 17:36:55 CEST 
** NB: The original WPP annual rates have been converted into monthly rates 

birth 1 F single 0 
15 0 0 
16 0 0.000288 
17 0 0.000635 
18 0 0.00134516666666667 
19 0 0.0021055 
20 0 0.0030915 
21 0 0.00361983333333333 
22 0 0.00425816666666667 
23 0 0.0048125 
24 0 0.00561875 
25 0 0.00645858333333333 
26 0 0.00745691666666667 
27 0 0.00812716666666667 
28 0 0.00921641666666667 
29 0 0.00989508333333333 
30 0 0.0102134166666667 
31 0 0.0104434166666667 
32 0 0.0100674166666667 
33 0 0.00935725 
34 0 0.00850508333333333 
35 0 0.00731041666666667 
36 0 0.0062205 
37 0 0.00504791666666667 
38 0 0.00391691666666667 
39 0 0.00303541666666667 
40 0 0.00215391666666667 
41 0 0.00149875 
42 0 0.00098225 
43 0 0.000609666666666667 
44 0 0.000347166666666667 
45 0 0.00018625 
46 0 0.0000973333333333333 
47 0 0.0000354166666666667 
48 0 0.0000176666666666667 
49 0 0.00000883333333333333 
50 0 0.00000391666666666667 
101 0 0 

birth 1 F married 0 
15 0 0 
16 0 0.000288 
17 0 0.000635 
18 0 0.00134516666666667 
19 0 0.0021055 
20 0 0.0030915 
21 0 0.00361983333333333 
22 0 0.00425816666666667 
23 0 0.0048125 
24 0 0.00561875 
25 0 0.00645858333333333 
26 0 0.00745691666666667 
27 0 0.00812716666666667 
28 0 0.00921641666666667 
29 0 0.00989508333333333 
30 0 0.0102134166666667 
31 0 0.0104434166666667 
32 0 0.0100674166666667 
33 0 0.00935725 
34 0 0.00850508333333333 
35 0 0.00731041666666667 
36 0 0.0062205 
37 0 0.00504791666666667 
38 0 0.00391691666666667 
39 0 0.00303541666666667 
40 0 0.00215391666666667 
41 0 0.00149875 
42 0 0.00098225 
43 0 0.000609666666666667 
44 0 0.000347166666666667 
45 0 0.00018625 
46 0 0.0000973333333333333 
47 0 0.0000354166666666667 
48 0 0.0000176666666666667 
49 0 0.00000883333333333333 
50 0 0.00000391666666666667 
101 0 0 
