** Period (Monthly) Age-Specific Fertility Rates for Australia in 1960 
* Retrieved from the World Population Prospects 2024 
* https://population.un.org/wpp/assets/Excel%20Files/1_Indicator%20(Standard)/CSV_FILES/WPP2024_Fertility_by_Age1.csv.gz 
* United Nations. Population Division. Department of Economic and Social Affairs 
* Data downloaded on  03 Jul 2025 17:36:46 CEST 
** NB: The original WPP annual rates have been converted into monthly rates 

birth 1 F single 0 
15 0 0 
16 0 0.00021175 
17 0 0.000993166666666667 
18 0 0.003 
19 0 0.00578766666666667 
20 0 0.00912658333333333 
21 0 0.0130768333333333 
22 0 0.0167105 
23 0 0.0194555833333333 
24 0 0.0208783333333333 
25 0 0.0213769166666667 
26 0 0.020857 
27 0 0.0196538333333333 
28 0 0.0182320833333333 
29 0 0.0164923333333333 
30 0 0.0147104166666667 
31 0 0.013725 
32 0 0.01171375 
33 0 0.0104099166666667 
34 0 0.00921625 
35 0 0.00797783333333333 
36 0 0.00702666666666667 
37 0 0.006079 
38 0 0.00498675 
39 0 0.00427766666666667 
40 0 0.00353366666666667 
41 0 0.00284425 
42 0 0.00190283333333333 
43 0 0.00140458333333333 
44 0 0.000935583333333333 
45 0 0.000539166666666667 
46 0 0.0002845 
47 0 0.000138083333333333 
48 0 0.0000649166666666667 
49 0 0.0000189166666666667 
50 0 0.0000355 
101 0 0 

birth 1 F married 0 
15 0 0 
16 0 0.00021175 
17 0 0.000993166666666667 
18 0 0.003 
19 0 0.00578766666666667 
20 0 0.00912658333333333 
21 0 0.0130768333333333 
22 0 0.0167105 
23 0 0.0194555833333333 
24 0 0.0208783333333333 
25 0 0.0213769166666667 
26 0 0.020857 
27 0 0.0196538333333333 
28 0 0.0182320833333333 
29 0 0.0164923333333333 
30 0 0.0147104166666667 
31 0 0.013725 
32 0 0.01171375 
33 0 0.0104099166666667 
34 0 0.00921625 
35 0 0.00797783333333333 
36 0 0.00702666666666667 
37 0 0.006079 
38 0 0.00498675 
39 0 0.00427766666666667 
40 0 0.00353366666666667 
41 0 0.00284425 
42 0 0.00190283333333333 
43 0 0.00140458333333333 
44 0 0.000935583333333333 
45 0 0.000539166666666667 
46 0 0.0002845 
47 0 0.000138083333333333 
48 0 0.0000649166666666667 
49 0 0.0000189166666666667 
50 0 0.0000355 
101 0 0 
