** Period (Monthly) Age-Specific Probabilities of Death for Australia in 2000 
* Retrieved from the World Population Prospects 2024. Single age life tables up to age 100 Medium variant 
* https://population.un.org/wpp/assets/Excel%20Files/1_Indicator%20(Standard)/CSV_FILES/WPP2024_Life_Table_Complete_Medium_Female_1950-2023.csv.gz and 
* https://population.un.org/wpp/assets/Excel%20Files/1_Indicator%20(Standard)/CSV_FILES/WPP2024_Life_Table_Complete_Medium_Male_1950-2023.csv.gz and 
* United Nations. Population Division. Department of Economic and Social Affairs 
* Data downloaded on  03 Jul 2025 17:37:31 CEST 
** NB: The original WPP annual probabilities have been converted into monthly probabilities 
** The final age interval is limited to one year [100-101) 

death 1 F single 
1 0 0.000387607752037278 
2 0 0.0000366657264949666 
3 0 0.0000191661869225479 
4 0 0.0000133334777554506 
5 0 0.0000108331454403698 
6 0 0.0000125000260093877 
7 0 0.0000108331454403698 
8 0 0.0000125000260093877 
9 0 0.00000666691112360951 
10 0 0.00000583352049443597 
11 0 0.00000916629543457059 
12 0 0.00000833371530217786 
13 0 0.0000149995707006134 
14 0 0.00000666691112360951 
15 0 0.0000133334777554506 
16 0 0.0000133334777554506 
17 0 0.0000216667484441713 
18 0 0.0000358328944697339 
19 0 0.0000374993998274453 
20 0 0.000031666347917958 
21 0 0.0000341664196621405 
22 0 0.0000274999923247643 
23 0 0.0000374993998274453 
24 0 0.000029166344928 
25 0 0.0000408325021981071 
26 0 0.0000374993998274453 
27 0 0.0000324991417722797 
28 0 0.0000408325021981071 
29 0 0.0000408325021981071 
30 0 0.0000374993998274453 
31 0 0.0000424990992133889 
32 0 0.0000349992364201412 
33 0 0.000047499073593138 
34 0 0.0000458323849097386 
35 0 0.000047499073593138 
36 0 0.000050831708836796 
37 0 0.0000549983000887044 
38 0 0.0000633312216504756 
39 0 0.0000666644373789049 
40 0 0.0000766639839228089 
41 0 0.0000683306740973944 
42 0 0.0000808300912565896 
43 0 0.0000874962601642437 
44 0 0.0000924953734962042 
45 0 0.000112493742205344 
46 0 0.000103327868011815 
47 0 0.00012665902989617 
48 0 0.000145822729980871 
49 0 0.000133324387889933 
50 0 0.000151655599556766 
51 0 0.000174151711707426 
52 0 0.000179983894598057 
53 0 0.000204979266257843 
54 0 0.000219143104171149 
55 0 0.000224974833229918 
56 0 0.000279128120336369 
57 0 0.000319116164507083 
58 0 0.000315783712874551 
59 0 0.000378262629652681 
60 0 0.000380761374554783 
61 0 0.000396588912659812 
62 0 0.000478219982710471 
63 0 0.000482385269852448 
64 0 0.000538190213428047 
65 0 0.000564842291133849 
66 0 0.000640631602063957 
67 0 0.000758050887116557 
68 0 0.000852976943971684 
69 0 0.000868796945657557 
70 0 0.00104446751102816 
71 0 0.001127714172931 
72 0 0.00126588902820191 
73 0 0.00148310485819647 
74 0 0.00153636181988692 
75 0 0.00172440687485031 
76 0 0.00197730238487492 
77 0 0.00215612595831327 
78 0 0.00243969432767455 
79 0 0.00275977104351544 
80 0 0.00294596045273388 
81 0 0.00362233020360603 
82 0 0.00421034558861877 
83 0 0.00454079003311336 
84 0 0.00519067268697615 
85 0 0.00602110817998169 
86 0 0.00693737000507511 
87 0 0.00825175218266216 
88 0 0.00903373882702829 
89 0 0.0102849830527839 
90 0 0.0109067183027268 
91 0 0.0130247421844872 
92 0 0.0145474623761522 
93 0 0.0162515783693044 
94 0 0.017598501121781 
95 0 0.0201141983861352 
96 0 0.0221142754914957 
97 0 0.0244026850015578 
98 0 0.0268277356746887 
99 0 0.0293786259151964 
100 0 0.0320412071548604 
101 0 0.0833333333333333 

death 1 M single 
1 0 0.00046063857669465 
2 0 0.0000374993998274453 
3 0 0.0000308327280768017 
4 0 0.0000166665276674083 
5 0 0.0000149995707006134 
6 0 0.0000183335152015296 
7 0 0.0000125000260093877 
8 0 0.0000108331454403698 
9 0 0.00000583352049443597 
10 0 0.0000149995707006134 
11 0 0.0000116665819044348 
12 0 0.0000149995707006134 
13 0 0.0000125000260093877 
14 0 0.0000166665276674083 
15 0 0.0000199996997872764 
16 0 0.0000283327480117279 
17 0 0.000039165935736496 
18 0 0.00006916463787765 
19 0 0.0000933287248128245 
20 0 0.0000883295656515237 
21 0 0.0000924953734962042 
22 0 0.0000833298473094102 
23 0 0.0000933287248128245 
24 0 0.0000941620837694446 
25 0 0.0000899961995437515 
26 0 0.000128325532201545 
27 0 0.000095828824603239 
28 0 0.0000999949761474328 
29 0 0.000101661823937227 
30 0 0.000113327276884068 
31 0 0.000109994018370752 
32 0 0.000108327852112788 
33 0 0.000117493396111668 
34 0 0.000109994018370752 
35 0 0.00010249442502086 
36 0 0.000117493396111668 
37 0 0.000129991230535031 
38 0 0.000124992558143577 
39 0 0.000113327276884068 
40 0 0.000134991012402996 
41 0 0.000136657667474838 
42 0 0.000141656981421323 
43 0 0.000161653648042992 
44 0 0.000169152280018903 
45 0 0.000185816451737875 
46 0 0.000184983087084145 
47 0 0.000196647547065165 
48 0 0.00020247950326735 
49 0 0.000244969786716176 
50 0 0.000216642951604951 
51 0 0.000280794076927493 
52 0 0.000287459044663319 
53 0 0.000301621529446461 
54 0 0.000380761374554783 
55 0 0.000363268256225902 
56 0 0.000433240847593219 
57 0 0.000441570002117309 
58 0 0.000529861418150923 
59 0 0.000580666704635968 
60 0 0.000669779323633768 
61 0 0.00068060529177838 
62 0 0.000829662081655691 
63 0 0.000846315785188123 
64 0 0.000972870445206664 
65 0 0.00104113784889737 
66 0 0.00120928909054752 
67 0 0.00136576347534456 
68 0 0.00152720877010371 
69 0 0.00160792216941441 
70 0 0.00181259399749345 
71 0 0.00215529479345811 
72 0 0.00224012225770043 
73 0 0.0024970646385134 
74 0 0.00276642123365789 
75 0 0.00322768504216875 
76 0 0.00349522543069025 
77 0 0.00398447116772405 
78 0 0.00432160926102942 
79 0 0.00470100392886785 
80 0 0.00529107661340567 
81 0 0.005919089097421 
82 0 0.00664637121606471 
83 0 0.00753084591695918 
84 0 0.00803964660222067 
85 0 0.00913975355136598 
86 0 0.0107072098184593 
87 0 0.0113545477976003 
88 0 0.0122484499768056 
89 0 0.0141825049655813 
90 0 0.0153593378501587 
91 0 0.0178170992774678 
92 0 0.0187338798707276 
93 0 0.020740013165425 
94 0 0.0220279342111283 
95 0 0.0268165276233688 
96 0 0.027334614586615 
97 0 0.0296803874350862 
98 0 0.0321177290021956 
99 0 0.0346332880195163 
100 0 0.0372117514187409 
101 0 0.0833333333333333 
