** Period (Monthly) Age-Specific Fertility Rates for Australia in 2002 
* Retrieved from the World Population Prospects 2024 
* https://population.un.org/wpp/assets/Excel%20Files/1_Indicator%20(Standard)/CSV_FILES/WPP2024_Fertility_by_Age1.csv.gz 
* United Nations. Population Division. Department of Economic and Social Affairs 
* Data downloaded on  03 Jul 2025 17:36:56 CEST 
** NB: The original WPP annual rates have been converted into monthly rates 

birth 1 F single 0 
15 0 0 
16 0 0.000273 
17 0 0.000615333333333333 
18 0 0.00123058333333333 
19 0 0.00205375 
20 0 0.00299333333333333 
21 0 0.00350758333333333 
22 0 0.00411866666666667 
23 0 0.00456233333333333 
24 0 0.00529066666666667 
25 0 0.006178 
26 0 0.00689033333333333 
27 0 0.00793941666666667 
28 0 0.00896333333333333 
29 0 0.009576 
30 0 0.010239 
31 0 0.0103213333333333 
32 0 0.00998625 
33 0 0.009626 
34 0 0.00871283333333333 
35 0 0.00779966666666667 
36 0 0.00669933333333333 
37 0 0.00531783333333333 
38 0 0.00424433333333333 
39 0 0.003229 
40 0 0.00242175 
41 0 0.00169366666666667 
42 0 0.00109541666666667 
43 0 0.000665666666666667 
44 0 0.000387583333333333 
45 0 0.000193833333333333 
46 0 0.000112083333333333 
47 0 0.00004675 
48 0 0.0000186666666666667 
49 0 0.00000933333333333333 
50 0 0.00000116666666666667 
101 0 0 

birth 1 F married 0 
15 0 0 
16 0 0.000273 
17 0 0.000615333333333333 
18 0 0.00123058333333333 
19 0 0.00205375 
20 0 0.00299333333333333 
21 0 0.00350758333333333 
22 0 0.00411866666666667 
23 0 0.00456233333333333 
24 0 0.00529066666666667 
25 0 0.006178 
26 0 0.00689033333333333 
27 0 0.00793941666666667 
28 0 0.00896333333333333 
29 0 0.009576 
30 0 0.010239 
31 0 0.0103213333333333 
32 0 0.00998625 
33 0 0.009626 
34 0 0.00871283333333333 
35 0 0.00779966666666667 
36 0 0.00669933333333333 
37 0 0.00531783333333333 
38 0 0.00424433333333333 
39 0 0.003229 
40 0 0.00242175 
41 0 0.00169366666666667 
42 0 0.00109541666666667 
43 0 0.000665666666666667 
44 0 0.000387583333333333 
45 0 0.000193833333333333 
46 0 0.000112083333333333 
47 0 0.00004675 
48 0 0.0000186666666666667 
49 0 0.00000933333333333333 
50 0 0.00000116666666666667 
101 0 0 
