** Period (Monthly) Age-Specific Probabilities of Death for Australia in 1968 
* Retrieved from the World Population Prospects 2024. Single age life tables up to age 100 Medium variant 
* https://population.un.org/wpp/assets/Excel%20Files/1_Indicator%20(Standard)/CSV_FILES/WPP2024_Life_Table_Complete_Medium_Female_1950-2023.csv.gz and 
* https://population.un.org/wpp/assets/Excel%20Files/1_Indicator%20(Standard)/CSV_FILES/WPP2024_Life_Table_Complete_Medium_Male_1950-2023.csv.gz and 
* United Nations. Population Division. Department of Economic and Social Affairs 
* Data downloaded on  03 Jul 2025 17:37:12 CEST 
** NB: The original WPP annual probabilities have been converted into monthly probabilities 
** The final age interval is limited to one year [100-101) 

death 1 F single 
1 0 0.00133009651652016 
2 0 0.000123326116942768 
3 0 0.0000716640731535101 
4 0 0.0000541653000921682 
5 0 0.0000424990992133889 
6 0 0.0000408325021981071 
7 0 0.0000341664196621405 
8 0 0.0000258328366956606 
9 0 0.0000241665451951034 
10 0 0.0000274999923247643 
11 0 0.000023332994124492 
12 0 0.0000166665276674083 
13 0 0.0000283327480117279 
14 0 0.0000208332202944472 
15 0 0.0000283327480117279 
16 0 0.0000399987982981909 
17 0 0.0000333327768948788 
18 0 0.0000624981452916895 
19 0 0.0000633312216504756 
20 0 0.0000516655120934573 
21 0 0.0000458323849097386 
22 0 0.0000583320441455148 
23 0 0.0000433319923137665 
24 0 0.000049165792834871 
25 0 0.0000449986351540588 
26 0 0.0000466653085511304 
27 0 0.0000566651568346677 
28 0 0.0000499987470196084 
29 0 0.000050831708836796 
30 0 0.0000616650765675741 
31 0 0.0000674975519204812 
32 0 0.0000749975944498438 
33 0 0.0000799968545148744 
34 0 0.000082496587653802 
35 0 0.000105827408531933 
36 0 0.000101661823937227 
37 0 0.0000899961995437515 
38 0 0.000129991230535031 
39 0 0.000139990234681586 
40 0 0.000161653648042992 
41 0 0.000173318453996263 
42 0 0.000168319068138079 
43 0 0.000183316380698795 
44 0 0.00022997399467295 
45 0 0.000229140225045943 
46 0 0.000254968077593176 
47 0 0.000270797123780198 
48 0 0.000292457464232454 
49 0 0.000365767425558383 
50 0 0.00036993258160678 
51 0 0.000437404910746397 
52 0 0.000384093699213994 
53 0 0.000480718964532501 
54 0 0.000541521609995876 
55 0 0.000554015015893694 
56 0 0.000559845636334599 
57 0 0.000663116474546754 
58 0 0.000665615510352491 
59 0 0.000843817661163815 
60 0 0.000900436801324567 
61 0 0.000883784111903707 
62 0 0.000992019709042058 
63 0 0.00115934646959637 
64 0 0.00128336753692038 
65 0 0.00141736199717124 
66 0 0.00160709092172306 
67 0 0.00145564340905147 
68 0 0.00193820698041425 
69 0 0.00218856098790665 
70 0 0.00204717178199532 
71 0 0.0023282702864601 
72 0 0.00247461586688547 
73 0 0.00314458695366737 
74 0 0.00355005638139216 
75 0 0.00398364047973399 
76 0 0.00440546681902576 
77 0 0.00483215033876638 
78 0 0.00528609873175145 
79 0 0.00611980470159423 
80 0 0.00666626981396379 
81 0 0.00730126691621746 
82 0 0.00730292446632941 
83 0 0.00896085194102647 
84 0 0.00978238953650379 
85 0 0.0111062190940028 
86 0 0.0124197676617811 
87 0 0.0138158938253372 
88 0 0.0145383591905688 
89 0 0.0161779095889509 
90 0 0.0181814595967621 
91 0 0.0197545416377592 
92 0 0.0203819070015606 
93 0 0.0221664873672707 
94 0 0.0261788346994704 
95 0 0.0270488906795957 
96 0 0.0293619216815442 
97 0 0.0315922138795979 
98 0 0.0338913813165195 
99 0 0.0362478348457017 
100 0 0.0386487336365442 
101 0 0.0833333333333333 

death 1 M single 
1 0 0.00169253295384308 
2 0 0.000115826257990559 
3 0 0.0000874962601642437 
4 0 0.0000599981281388384 
5 0 0.000049165792834871 
6 0 0.0000558321415637941 
7 0 0.0000333327768948788 
8 0 0.0000366657264949666 
9 0 0.0000358328944697339 
10 0 0.0000341664196621405 
11 0 0.0000333327768948788 
12 0 0.0000366657264949666 
13 0 0.0000441657267835627 
14 0 0.0000374993998274453 
15 0 0.0000524984891835389 
16 0 0.0000549983000887044 
17 0 0.0000774971901148502 
18 0 0.000134157279044644 
19 0 0.000174151711707426 
20 0 0.000164986296992242 
21 0 0.000154154799892448 
22 0 0.000181650539875733 
23 0 0.000154987881941571 
24 0 0.00013832351850418 
25 0 0.00011499353478428 
26 0 0.00012665902989617 
27 0 0.000116659823229059 
28 0 0.000134991012402996 
29 0 0.000122492490570281 
30 0 0.000118326142219627 
31 0 0.000129158377552785 
32 0 0.000118326142219627 
33 0 0.000115826257990559 
34 0 0.000161653648042992 
35 0 0.000159154241516912 
36 0 0.000150821713331251 
37 0 0.000176651530674921 
38 0 0.000201646821004209 
39 0 0.000218309433895225 
40 0 0.000219143104171149 
41 0 0.000263299294734121 
42 0 0.000279128120336369 
43 0 0.000300788774467042 
44 0 0.000343274865961196 
45 0 0.000391590621106941 
46 0 0.000420745616906193 
47 0 0.000425743837900616 
48 0 0.000545686446657423 
49 0 0.000578168327047046 
50 0 0.00062064337994594 
51 0 0.000625640862306875 
52 0 0.000761381952261719 
53 0 0.00089710568253798 
54 0 0.00103530996958334 
55 0 0.00112854694911868 
56 0 0.00111855751351453 
57 0 0.0012608950622538 
58 0 0.00143650280173491 
59 0 0.00172939837861785 
60 0 0.00175352572726384 
61 0 0.00194402926668746 
62 0 0.00209291687172164 
63 0 0.00236901652657673 
64 0 0.00268661851158958 
65 0 0.00303322690471741 
66 0 0.00309971126135611 
67 0 0.00307062508838774 
68 0 0.00397201338923858 
69 0 0.00431081519471621 
70 0 0.00406087392364696 
71 0 0.00480060981510033 
72 0 0.0048172104776254 
73 0 0.00596968504584583 
74 0 0.00640508168187448 
75 0 0.00688763012083748 
76 0 0.0077885751023159 
77 0 0.00787144014786356 
78 0 0.00810427478912745 
79 0 0.00978901369529461 
80 0 0.010540809346603 
81 0 0.0107270798654989 
82 0 0.011186513230112 
83 0 0.0127880526310576 
84 0 0.013597419247641 
85 0 0.0162764109780291 
86 0 0.0176158901397103 
87 0 0.0182443997209223 
88 0 0.0192309036746283 
89 0 0.0216115169919623 
90 0 0.0220486759480023 
91 0 0.0242429844461235 
92 0 0.0247823480347097 
93 0 0.0255257086012397 
94 0 0.0295384527697925 
95 0 0.0341942786370121 
96 0 0.0334315937311703 
97 0 0.035411583239887 
98 0 0.037426682925939 
99 0 0.0394687616460737 
100 0 0.0415292553165143 
101 0 0.0833333333333333 
