** Period (Monthly) Age-Specific Fertility Rates for Australia in 1957 
* Retrieved from the World Population Prospects 2024 
* https://population.un.org/wpp/assets/Excel%20Files/1_Indicator%20(Standard)/CSV_FILES/WPP2024_Fertility_by_Age1.csv.gz 
* United Nations. Population Division. Department of Economic and Social Affairs 
* Data downloaded on  03 Jul 2025 17:36:45 CEST 
** NB: The original WPP annual rates have been converted into monthly rates 

birth 1 F single 0 
15 0 0 
16 0 0.0001845 
17 0 0.000946166666666667 
18 0 0.00275075 
19 0 0.00554741666666667 
20 0 0.00916233333333333 
21 0 0.0127428333333333 
22 0 0.0164194166666667 
23 0 0.01939225 
24 0 0.0209790833333333 
25 0 0.0205781666666667 
26 0 0.0204465 
27 0 0.0187324166666667 
28 0 0.0176815 
29 0 0.0162981666666667 
30 0 0.0146529166666667 
31 0 0.01359075 
32 0 0.01147675 
33 0 0.0104795 
34 0 0.00912191666666667 
35 0 0.00826008333333333 
36 0 0.00710783333333333 
37 0 0.0062245 
38 0 0.00532691666666667 
39 0 0.0045475 
40 0 0.00369516666666667 
41 0 0.00289533333333333 
42 0 0.00208191666666667 
43 0 0.00149383333333333 
44 0 0.00106466666666667 
45 0 0.000575583333333333 
46 0 0.00029575 
47 0 0.000145083333333333 
48 0 0.0000625 
49 0 0.0000224166666666667 
50 0 0.00003075 
101 0 0 

birth 1 F married 0 
15 0 0 
16 0 0.0001845 
17 0 0.000946166666666667 
18 0 0.00275075 
19 0 0.00554741666666667 
20 0 0.00916233333333333 
21 0 0.0127428333333333 
22 0 0.0164194166666667 
23 0 0.01939225 
24 0 0.0209790833333333 
25 0 0.0205781666666667 
26 0 0.0204465 
27 0 0.0187324166666667 
28 0 0.0176815 
29 0 0.0162981666666667 
30 0 0.0146529166666667 
31 0 0.01359075 
32 0 0.01147675 
33 0 0.0104795 
34 0 0.00912191666666667 
35 0 0.00826008333333333 
36 0 0.00710783333333333 
37 0 0.0062245 
38 0 0.00532691666666667 
39 0 0.0045475 
40 0 0.00369516666666667 
41 0 0.00289533333333333 
42 0 0.00208191666666667 
43 0 0.00149383333333333 
44 0 0.00106466666666667 
45 0 0.000575583333333333 
46 0 0.00029575 
47 0 0.000145083333333333 
48 0 0.0000625 
49 0 0.0000224166666666667 
50 0 0.00003075 
101 0 0 
