** Period (Monthly) Age-Specific Fertility Rates for Australia in 2011 
* Retrieved from the World Population Prospects 2024 
* https://population.un.org/wpp/assets/Excel%20Files/1_Indicator%20(Standard)/CSV_FILES/WPP2024_Fertility_by_Age1.csv.gz 
* United Nations. Population Division. Department of Economic and Social Affairs 
* Data downloaded on  03 Jul 2025 17:36:58 CEST 
** NB: The original WPP annual rates have been converted into monthly rates 

birth 1 F single 0 
15 0 0 
16 0 0.00024475 
17 0 0.000567833333333333 
18 0 0.00116191666666667 
19 0 0.00189566666666667 
20 0 0.00283916666666667 
21 0 0.0034375 
22 0 0.0037625 
23 0 0.00431825 
24 0 0.00495958333333333 
25 0 0.00572066666666667 
26 0 0.00663591666666667 
27 0 0.00752583333333333 
28 0 0.00870383333333333 
29 0 0.00964458333333333 
30 0 0.0103819166666667 
31 0 0.0106934166666667 
32 0 0.01124 
33 0 0.01077025 
34 0 0.010198 
35 0 0.00934391666666667 
36 0 0.00826375 
37 0 0.00712858333333333 
38 0 0.00580133333333333 
39 0 0.00463275 
40 0 0.00353091666666667 
41 0 0.002547 
42 0 0.00173225 
43 0 0.00109766666666667 
44 0 0.000626 
45 0 0.000317333333333333 
46 0 0.000192416666666667 
47 0 0.00009625 
48 0 0.0000480833333333333 
49 0 0.00001925 
50 0 0.00000183333333333333 
101 0 0 

birth 1 F married 0 
15 0 0 
16 0 0.00024475 
17 0 0.000567833333333333 
18 0 0.00116191666666667 
19 0 0.00189566666666667 
20 0 0.00283916666666667 
21 0 0.0034375 
22 0 0.0037625 
23 0 0.00431825 
24 0 0.00495958333333333 
25 0 0.00572066666666667 
26 0 0.00663591666666667 
27 0 0.00752583333333333 
28 0 0.00870383333333333 
29 0 0.00964458333333333 
30 0 0.0103819166666667 
31 0 0.0106934166666667 
32 0 0.01124 
33 0 0.01077025 
34 0 0.010198 
35 0 0.00934391666666667 
36 0 0.00826375 
37 0 0.00712858333333333 
38 0 0.00580133333333333 
39 0 0.00463275 
40 0 0.00353091666666667 
41 0 0.002547 
42 0 0.00173225 
43 0 0.00109766666666667 
44 0 0.000626 
45 0 0.000317333333333333 
46 0 0.000192416666666667 
47 0 0.00009625 
48 0 0.0000480833333333333 
49 0 0.00001925 
50 0 0.00000183333333333333 
101 0 0 
