** Period (Monthly) Age-Specific Fertility Rates for Australia in 1987 
* Retrieved from the World Population Prospects 2024 
* https://population.un.org/wpp/assets/Excel%20Files/1_Indicator%20(Standard)/CSV_FILES/WPP2024_Fertility_by_Age1.csv.gz 
* United Nations. Population Division. Department of Economic and Social Affairs 
* Data downloaded on  03 Jul 2025 17:36:52 CEST 
** NB: The original WPP annual rates have been converted into monthly rates 

birth 1 F single 0 
15 0 0 
16 0 0.000443333333333333 
17 0 0.000698416666666667 
18 0 0.00157541666666667 
19 0 0.00253375 
20 0 0.00350008333333333 
21 0 0.004652 
22 0 0.00567458333333333 
23 0 0.00690675 
24 0 0.00837358333333333 
25 0 0.00975666666666667 
26 0 0.0110384166666667 
27 0 0.0116798333333333 
28 0 0.0120714166666667 
29 0 0.01197975 
30 0 0.0113715833333333 
31 0 0.0102810833333333 
32 0 0.00865116666666667 
33 0 0.00752275 
34 0 0.006269 
35 0 0.00500683333333333 
36 0 0.00403775 
37 0 0.00294266666666667 
38 0 0.00225716666666667 
39 0 0.00158 
40 0 0.00119541666666667 
41 0 0.00080475 
42 0 0.000513666666666667 
43 0 0.000325333333333333 
44 0 0.000188333333333333 
45 0 0.0000855833333333333 
46 0 0.0000301666666666667 
47 0 0.00001725 
48 0 0.00000858333333333333 
49 0 0.00000433333333333333 
50 0 0.00001125 
101 0 0 

birth 1 F married 0 
15 0 0 
16 0 0.000443333333333333 
17 0 0.000698416666666667 
18 0 0.00157541666666667 
19 0 0.00253375 
20 0 0.00350008333333333 
21 0 0.004652 
22 0 0.00567458333333333 
23 0 0.00690675 
24 0 0.00837358333333333 
25 0 0.00975666666666667 
26 0 0.0110384166666667 
27 0 0.0116798333333333 
28 0 0.0120714166666667 
29 0 0.01197975 
30 0 0.0113715833333333 
31 0 0.0102810833333333 
32 0 0.00865116666666667 
33 0 0.00752275 
34 0 0.006269 
35 0 0.00500683333333333 
36 0 0.00403775 
37 0 0.00294266666666667 
38 0 0.00225716666666667 
39 0 0.00158 
40 0 0.00119541666666667 
41 0 0.00080475 
42 0 0.000513666666666667 
43 0 0.000325333333333333 
44 0 0.000188333333333333 
45 0 0.0000855833333333333 
46 0 0.0000301666666666667 
47 0 0.00001725 
48 0 0.00000858333333333333 
49 0 0.00000433333333333333 
50 0 0.00001125 
101 0 0 
