** Period (Monthly) Age-Specific Fertility Rates for Australia in 1979 
* Retrieved from the World Population Prospects 2024 
* https://population.un.org/wpp/assets/Excel%20Files/1_Indicator%20(Standard)/CSV_FILES/WPP2024_Fertility_by_Age1.csv.gz 
* United Nations. Population Division. Department of Economic and Social Affairs 
* Data downloaded on  03 Jul 2025 17:36:50 CEST 
** NB: The original WPP annual rates have been converted into monthly rates 

birth 1 F single 0 
15 0 0 
16 0 0.00047475 
17 0 0.00106533333333333 
18 0 0.00219725 
19 0 0.0033625 
20 0 0.00475241666666667 
21 0 0.00622241666666667 
22 0 0.00783225 
23 0 0.0092585 
24 0 0.0106681666666667 
25 0 0.0117691666666667 
26 0 0.0127009166666667 
27 0 0.0127509166666667 
28 0 0.0122928333333333 
29 0 0.01127675 
30 0 0.0102773333333333 
31 0 0.00880166666666667 
32 0 0.00728008333333333 
33 0 0.00591816666666667 
34 0 0.00469083333333333 
35 0 0.00392583333333333 
36 0 0.00312266666666667 
37 0 0.002424 
38 0 0.00179275 
39 0 0.00127091666666667 
40 0 0.00112783333333333 
41 0 0.000732916666666667 
42 0 0.000488583333333333 
43 0 0.000320083333333333 
44 0 0.000202166666666667 
45 0 0.00013475 
46 0 0.0000651666666666667 
47 0 0.00003625 
48 0 0.0000145 
49 0 0.00000725 
50 0 0.0000236666666666667 
101 0 0 

birth 1 F married 0 
15 0 0 
16 0 0.00047475 
17 0 0.00106533333333333 
18 0 0.00219725 
19 0 0.0033625 
20 0 0.00475241666666667 
21 0 0.00622241666666667 
22 0 0.00783225 
23 0 0.0092585 
24 0 0.0106681666666667 
25 0 0.0117691666666667 
26 0 0.0127009166666667 
27 0 0.0127509166666667 
28 0 0.0122928333333333 
29 0 0.01127675 
30 0 0.0102773333333333 
31 0 0.00880166666666667 
32 0 0.00728008333333333 
33 0 0.00591816666666667 
34 0 0.00469083333333333 
35 0 0.00392583333333333 
36 0 0.00312266666666667 
37 0 0.002424 
38 0 0.00179275 
39 0 0.00127091666666667 
40 0 0.00112783333333333 
41 0 0.000732916666666667 
42 0 0.000488583333333333 
43 0 0.000320083333333333 
44 0 0.000202166666666667 
45 0 0.00013475 
46 0 0.0000651666666666667 
47 0 0.00003625 
48 0 0.0000145 
49 0 0.00000725 
50 0 0.0000236666666666667 
101 0 0 
