** Period (Monthly) Age-Specific Fertility Rates for Australia in 1953 
* Retrieved from the World Population Prospects 2024 
* https://population.un.org/wpp/assets/Excel%20Files/1_Indicator%20(Standard)/CSV_FILES/WPP2024_Fertility_by_Age1.csv.gz 
* United Nations. Population Division. Department of Economic and Social Affairs 
* Data downloaded on  03 Jul 2025 17:36:44 CEST 
** NB: The original WPP annual rates have been converted into monthly rates 

birth 1 F single 0 
15 0 0 
16 0 0.000160833333333333 
17 0 0.000812333333333333 
18 0 0.00240408333333333 
19 0 0.00493758333333333 
20 0 0.00819116666666667 
21 0 0.0118775833333333 
22 0 0.0151770833333333 
23 0 0.016933 
24 0 0.0181610833333333 
25 0 0.0185635 
26 0 0.0181696666666667 
27 0 0.0174146666666667 
28 0 0.01618325 
29 0 0.0149343333333333 
30 0 0.01403 
31 0 0.012809 
32 0 0.0112964166666667 
33 0 0.01027625 
34 0 0.00924283333333333 
35 0 0.00809475 
36 0 0.0073135 
37 0 0.00635108333333333 
38 0 0.00537958333333333 
39 0 0.00457758333333333 
40 0 0.0036875 
41 0 0.00304658333333333 
42 0 0.00206083333333333 
43 0 0.00162575 
44 0 0.00111391666666667 
45 0 0.000577583333333333 
46 0 0.000308416666666667 
47 0 0.000157583333333333 
48 0 0.00006825 
49 0 0.0000260833333333333 
50 0 0.0000246666666666667 
101 0 0 

birth 1 F married 0 
15 0 0 
16 0 0.000160833333333333 
17 0 0.000812333333333333 
18 0 0.00240408333333333 
19 0 0.00493758333333333 
20 0 0.00819116666666667 
21 0 0.0118775833333333 
22 0 0.0151770833333333 
23 0 0.016933 
24 0 0.0181610833333333 
25 0 0.0185635 
26 0 0.0181696666666667 
27 0 0.0174146666666667 
28 0 0.01618325 
29 0 0.0149343333333333 
30 0 0.01403 
31 0 0.012809 
32 0 0.0112964166666667 
33 0 0.01027625 
34 0 0.00924283333333333 
35 0 0.00809475 
36 0 0.0073135 
37 0 0.00635108333333333 
38 0 0.00537958333333333 
39 0 0.00457758333333333 
40 0 0.0036875 
41 0 0.00304658333333333 
42 0 0.00206083333333333 
43 0 0.00162575 
44 0 0.00111391666666667 
45 0 0.000577583333333333 
46 0 0.000308416666666667 
47 0 0.000157583333333333 
48 0 0.00006825 
49 0 0.0000260833333333333 
50 0 0.0000246666666666667 
101 0 0 
