** Period (Monthly) Age-Specific Fertility Rates for Australia in 2016 
* Retrieved from the World Population Prospects 2024 
* https://population.un.org/wpp/assets/Excel%20Files/1_Indicator%20(Standard)/CSV_FILES/WPP2024_Fertility_by_Age1.csv.gz 
* United Nations. Population Division. Department of Economic and Social Affairs 
* Data downloaded on  03 Jul 2025 17:36:59 CEST 
** NB: The original WPP annual rates have been converted into monthly rates 

birth 1 F single 0 
15 0 0 
16 0 0.000103416666666667 
17 0 0.000305083333333333 
18 0 0.000718416666666667 
19 0 0.00133391666666667 
20 0 0.00200991666666667 
21 0 0.00269591666666667 
22 0 0.00327141666666667 
23 0 0.00374391666666667 
24 0 0.0042335 
25 0 0.00479766666666667 
26 0 0.00555641666666667 
27 0 0.00654325 
28 0 0.0076685 
29 0 0.00885533333333333 
30 0 0.00984483333333333 
31 0 0.0105553333333333 
32 0 0.010769 
33 0 0.01051025 
34 0 0.00999325 
35 0 0.00925933333333333 
36 0 0.00828975 
37 0 0.00709508333333333 
38 0 0.00590591666666667 
39 0 0.00476891666666667 
40 0 0.00367491666666667 
41 0 0.00257083333333333 
42 0 0.00172883333333333 
43 0 0.00107183333333333 
44 0 0.000614916666666667 
45 0 0.000344166666666667 
46 0 0.0002315 
47 0 0.000132166666666667 
48 0 0.0000690833333333333 
49 0 0.0000271666666666667 
50 0 0.0000055 
101 0 0 

birth 1 F married 0 
15 0 0 
16 0 0.000103416666666667 
17 0 0.000305083333333333 
18 0 0.000718416666666667 
19 0 0.00133391666666667 
20 0 0.00200991666666667 
21 0 0.00269591666666667 
22 0 0.00327141666666667 
23 0 0.00374391666666667 
24 0 0.0042335 
25 0 0.00479766666666667 
26 0 0.00555641666666667 
27 0 0.00654325 
28 0 0.0076685 
29 0 0.00885533333333333 
30 0 0.00984483333333333 
31 0 0.0105553333333333 
32 0 0.010769 
33 0 0.01051025 
34 0 0.00999325 
35 0 0.00925933333333333 
36 0 0.00828975 
37 0 0.00709508333333333 
38 0 0.00590591666666667 
39 0 0.00476891666666667 
40 0 0.00367491666666667 
41 0 0.00257083333333333 
42 0 0.00172883333333333 
43 0 0.00107183333333333 
44 0 0.000614916666666667 
45 0 0.000344166666666667 
46 0 0.0002315 
47 0 0.000132166666666667 
48 0 0.0000690833333333333 
49 0 0.0000271666666666667 
50 0 0.0000055 
101 0 0 
