** Period (Monthly) Age-Specific Probabilities of Death for Australia in 1966 
* Retrieved from the World Population Prospects 2024. Single age life tables up to age 100 Medium variant 
* https://population.un.org/wpp/assets/Excel%20Files/1_Indicator%20(Standard)/CSV_FILES/WPP2024_Life_Table_Complete_Medium_Female_1950-2023.csv.gz and 
* https://population.un.org/wpp/assets/Excel%20Files/1_Indicator%20(Standard)/CSV_FILES/WPP2024_Life_Table_Complete_Medium_Male_1950-2023.csv.gz and 
* United Nations. Population Division. Department of Economic and Social Affairs 
* Data downloaded on  03 Jul 2025 17:37:10 CEST 
** NB: The original WPP annual probabilities have been converted into monthly probabilities 
** The final age interval is limited to one year [100-101) 

death 1 F single 
1 0 0.00133831296868259 
2 0 0.00011415998482589 
3 0 0.0000574981797391017 
4 0 0.0000441657267835627 
5 0 0.0000399987982981909 
6 0 0.0000399987982981909 
7 0 0.000031666347917958 
8 0 0.0000224994506968779 
9 0 0.0000216667484441713 
10 0 0.0000308327280768017 
11 0 0.0000183335152015296 
12 0 0.000023332994124492 
13 0 0.0000133334777554506 
14 0 0.0000250001039088232 
15 0 0.0000274999923247643 
16 0 0.0000299999494883796 
17 0 0.000049165792834871 
18 0 0.0000549983000887044 
19 0 0.0000541653000921682 
20 0 0.0000549983000887044 
21 0 0.000039165935736496 
22 0 0.0000566651568346677 
23 0 0.0000424990992133889 
24 0 0.0000699977753336745 
25 0 0.0000466653085511304 
26 0 0.0000416662137441293 
27 0 0.0000641643056439323 
28 0 0.0000616650765675741 
29 0 0.0000558321415637941 
30 0 0.0000849963895356298 
31 0 0.0000833298473094102 
32 0 0.0000699977753336745 
33 0 0.0000983281589223006 
34 0 0.0000791636254107164 
35 0 0.0000849963895356298 
36 0 0.00011499353478428 
37 0 0.000134157279044644 
38 0 0.000137490589173339 
39 0 0.000108327852112788 
40 0 0.000177483983980542 
41 0 0.000180817213416895 
42 0 0.00016665266728999 
43 0 0.00016665266728999 
44 0 0.000223308228723851 
45 0 0.000196647547065165 
46 0 0.000236638578515747 
47 0 0.000289958638082677 
48 0 0.000309952007490732 
49 0 0.00036993258160678 
50 0 0.000368265826905523 
51 0 0.000404918893494144 
52 0 0.000442403210781261 
53 0 0.000494878925498154 
54 0 0.000550683999625212 
55 0 0.000628972110526371 
56 0 0.000601488351152701 
57 0 0.000745560480591045 
58 0 0.000698093277598621 
59 0 0.000778868686545753 
60 0 0.000859637750034947 
61 0 0.000969540880152997 
62 0 0.0010011770989371 
63 0 0.0011177248289328 
64 0 0.00124091941044346 
65 0 0.00135993840897608 
66 0 0.00177349300040752 
67 0 0.0018500295817524 
68 0 0.00158628845885789 
69 0 0.00200807863978536 
70 0 0.00226423887292593 
71 0 0.00268079900182705 
72 0 0.00265336564545016 
73 0 0.00322020656394451 
74 0 0.00365140493177563 
75 0 0.00402682545607935 
76 0 0.00442290161067949 
77 0 0.00513175436211843 
78 0 0.00509524056463506 
79 0 0.00608497153457999 
80 0 0.00670026281826241 
81 0 0.00726894219440088 
82 0 0.00718936915562107 
83 0 0.00914472271210975 
84 0 0.0100680569712918 
85 0 0.0115358216055065 
86 0 0.0123949391264211 
87 0 0.0136462451939096 
88 0 0.0139822349436224 
89 0 0.0163384922186421 
90 0 0.0171952907308335 
91 0 0.0183727656570386 
92 0 0.0190271118358135 
93 0 0.0231599446081234 
94 0 0.0255847669982115 
95 0 0.0319238704140884 
96 0 0.0297073800681773 
97 0 0.0320653955181259 
98 0 0.0344969383258663 
99 0 0.0369881915682446 
100 0 0.0395238933550912 
101 0 0.0833333333333333 

death 1 M single 
1 0 0.0017072576266115 
2 0 0.000154154799892448 
3 0 0.0000833298473094102 
4 0 0.0000733304015181346 
5 0 0.0000541653000921682 
6 0 0.0000416662137441293 
7 0 0.0000424990992133889 
8 0 0.0000358328944697339 
9 0 0.0000341664196621405 
10 0 0.0000349992364201412 
11 0 0.000031666347917958 
12 0 0.000031666347917958 
13 0 0.0000424990992133889 
14 0 0.000039165935736496 
15 0 0.000050831708836796 
16 0 0.0000599981281388384 
17 0 0.0000791636254107164 
18 0 0.000127491859978179 
19 0 0.000134157279044644 
20 0 0.000179983894598057 
21 0 0.000157488008681206 
22 0 0.000149988669465251 
23 0 0.000159154241516912 
24 0 0.000109994018370752 
25 0 0.000123326116942768 
26 0 0.000128325532201545 
27 0 0.000119992491757204 
28 0 0.000120826095202364 
29 0 0.000110827530127589 
30 0 0.000134157279044644 
31 0 0.000113327276884068 
32 0 0.00013832351850418 
33 0 0.000144989731928336 
34 0 0.000144989731928336 
35 0 0.00013915729007774 
36 0 0.000195814083098211 
37 0 0.000211644523334331 
38 0 0.000196647547065165 
39 0 0.000207478262763794 
40 0 0.000254968077593176 
41 0 0.000265798223763714 
42 0 0.000271629603992407 
43 0 0.000345774322025538 
44 0 0.000354104665587163 
45 0 0.000339109258611359 
46 0 0.000429908394798062 
47 0 0.000421578634647091 
48 0 0.000465726104396214 
49 0 0.000562344348638666 
50 0 0.000633135922996519 
51 0 0.000689765765253703 
52 0 0.000761381952261719 
53 0 0.000876290219663955 
54 0 0.000948726495418883 
55 0 0.0010519601187291 
56 0 0.00113687091194425 
57 0 0.00129918154812347 
58 0 0.00134828601420522 
59 0 0.00162289950351502 
60 0 0.00174686952986758 
61 0 0.00187332216192493 
62 0 0.00205299424622463 
63 0 0.00240310822128897 
64 0 0.00267581151571394 
65 0 0.00282627083645348 
66 0 0.00345867055798543 
67 0 0.00349688740570175 
68 0 0.0034935643522076 
69 0 0.00382500824804244 
70 0 0.00420204274286273 
71 0 0.00462629533197512 
72 0 0.00509109144079223 
73 0 0.00562958576510564 
74 0 0.00647888100284155 
75 0 0.00662149673676371 
76 0 0.00767504587661694 
77 0 0.00814487340934877 
78 0 0.00794684449778338 
79 0 0.00942547801125737 
80 0 0.0100664008665762 
81 0 0.0109547317855365 
82 0 0.0105797187605808 
83 0 0.0122558977956849 
84 0 0.0137869304410375 
85 0 0.0147353228284064 
86 0 0.0158186865960013 
87 0 0.0178378006831416 
88 0 0.0182203831461335 
89 0 0.0207159704833229 
90 0 0.0214166158116017 
91 0 0.0220221264549774 
92 0 0.0235236305400752 
93 0 0.0275896159226725 
94 0 0.0312138442502609 
95 0 0.0311736736284872 
96 0 0.0331156241888817 
97 0 0.0352281679252567 
98 0 0.0373817006814698 
99 0 0.0395663111712534 
100 0 0.0417715098084328 
101 0 0.0833333333333333 
