** Period (Monthly) Age-Specific Probabilities of Death for Australia in 1962 
* Retrieved from the World Population Prospects 2024. Single age life tables up to age 100 Medium variant 
* https://population.un.org/wpp/assets/Excel%20Files/1_Indicator%20(Standard)/CSV_FILES/WPP2024_Life_Table_Complete_Medium_Female_1950-2023.csv.gz and 
* https://population.un.org/wpp/assets/Excel%20Files/1_Indicator%20(Standard)/CSV_FILES/WPP2024_Life_Table_Complete_Medium_Male_1950-2023.csv.gz and 
* United Nations. Population Division. Department of Economic and Social Affairs 
* Data downloaded on  03 Jul 2025 17:37:08 CEST 
** NB: The original WPP annual probabilities have been converted into monthly probabilities 
** The final age interval is limited to one year [100-101) 

death 1 F single 
1 0 0.00148207315689053 
2 0 0.00013832351850418 
3 0 0.0000791636254107164 
4 0 0.0000449986351540588 
5 0 0.0000416662137441293 
6 0 0.0000358328944697339 
7 0 0.0000374993998274453 
8 0 0.0000299999494883796 
9 0 0.0000208332202944472 
10 0 0.0000250001039088232 
11 0 0.0000149995707006134 
12 0 0.0000216667484441713 
13 0 0.0000216667484441713 
14 0 0.0000341664196621405 
15 0 0.0000199996997872764 
16 0 0.000029166344928 
17 0 0.0000349992364201412 
18 0 0.0000483320125058695 
19 0 0.0000458323849097386 
20 0 0.000050831708836796 
21 0 0.0000466653085511304 
22 0 0.0000533323077286374 
23 0 0.0000658313304726654 
24 0 0.0000449986351540588 
25 0 0.0000433319923137665 
26 0 0.000047499073593138 
27 0 0.000049165792834871 
28 0 0.0000683306740973944 
29 0 0.0000558321415637941 
30 0 0.0000541653000921682 
31 0 0.0000749975944498438 
32 0 0.0000624981452916895 
33 0 0.0000683306740973944 
34 0 0.0000849963895356298 
35 0 0.000104994776919165 
36 0 0.000110827530127589 
37 0 0.0000991615637143672 
38 0 0.000129158377552785 
39 0 0.000121658871843011 
40 0 0.000137490589173339 
41 0 0.000147488748988067 
42 0 0.00017498497705748 
43 0 0.000209978163241198 
44 0 0.000213310913978915 
45 0 0.000189149151694989 
46 0 0.000225807729240191 
47 0 0.000271629603992407 
48 0 0.000317450341540626 
49 0 0.000344941162365831 
50 0 0.000345774322025538 
51 0 0.000382427521609996 
52 0 0.000417413622303409 
53 0 0.000467392134796407 
54 0 0.0005107045661219 
55 0 0.000625640862306875 
56 0 0.000526529610892834 
57 0 0.000674776151491363 
58 0 0.000601488351152701 
59 0 0.00079385699336576 
60 0 0.000770542170863475 
61 0 0.000879621416558396 
62 0 0.000962880431794155 
63 0 0.00129585267655186 
64 0 0.00116933532886665 
65 0 0.00130750426107773 
66 0 0.00144565686984177 
67 0 0.00154801210572453 
68 0 0.00186833124202845 
69 0 0.00201805995229221 
70 0 0.00218856098790665 
71 0 0.00239811972786963 
72 0 0.00259101389579486 
73 0 0.00330911613951024 
74 0 0.00372782577184771 
75 0 0.00408329555332032 
76 0 0.00425186338421291 
77 0 0.00484875063657708 
78 0 0.00512511511476221 
79 0 0.00597466154898574 
80 0 0.00679229050693986 
81 0 0.00705342622297389 
82 0 0.00701943958853468 
83 0 0.00848537914196135 
84 0 0.0096275395195573 
85 0 0.0117634406944025 
86 0 0.0119910508155545 
87 0 0.0134608708796822 
88 0 0.014124574400358 
89 0 0.0139905101909369 
90 0 0.0174064129087185 
91 0 0.0178204120735805 
92 0 0.0190271118358135 
93 0 0.0236722872592987 
94 0 0.023998725874357 
95 0 0.0247798528432266 
96 0 0.0276400498618506 
97 0 0.0297421146138306 
98 0 0.0319170013476565 
99 0 0.0341552321285559 
100 0 0.0364460710025613 
101 0 0.0833333333333333 

death 1 M single 
1 0 0.00191643652382223 
2 0 0.000132491504366894 
3 0 0.00010249442502086 
4 0 0.0000708309204254798 
5 0 0.0000516655120934573 
6 0 0.000049165792834871 
7 0 0.000047499073593138 
8 0 0.000038332247120576 
9 0 0.000047499073593138 
10 0 0.0000399987982981909 
11 0 0.0000308327280768017 
12 0 0.000029166344928 
13 0 0.0000433319923137665 
14 0 0.0000349992364201412 
15 0 0.000047499073593138 
16 0 0.000047499073593138 
17 0 0.0000783304039441157 
18 0 0.000110827530127589 
19 0 0.000123326116942768 
20 0 0.000128325532201545 
21 0 0.000139990234681586 
22 0 0.000144989731928336 
23 0 0.000146655735667411 
24 0 0.000141656981421323 
25 0 0.000133324387889933 
26 0 0.0000983281589223006 
27 0 0.000128325532201545 
28 0 0.000134991012402996 
29 0 0.000146655735667411 
30 0 0.000116659823229059 
31 0 0.000135823918829381 
32 0 0.000129158377552785 
33 0 0.000149988669465251 
34 0 0.000134157279044644 
35 0 0.000156654068946604 
36 0 0.000174151711707426 
37 0 0.000178317279880047 
38 0 0.000180817213416895 
39 0 0.000208311833698072 
40 0 0.000239971471476252 
41 0 0.000239971471476252 
42 0 0.000263299294734121 
43 0 0.00031078568262588 
44 0 0.000363268256225902 
45 0 0.000331612482895149 
46 0 0.000432407722937178 
47 0 0.000439904445085348 
48 0 0.000538190213428047 
49 0 0.000607317824441567 
50 0 0.000606485618866226 
51 0 0.000686434806111635 
52 0 0.000770542170863475 
53 0 0.000860470595453355 
54 0 0.000863801212201865 
55 0 0.0010519601187291 
56 0 0.00112604948719264 
57 0 0.00130833699704691 
58 0 0.00144565686984177 
59 0 0.00155716471041811 
60 0 0.00163954067959338 
61 0 0.00181675293320405 
62 0 0.0020430124989641 
63 0 0.00238564627258675 
64 0 0.00227920787946279 
65 0 0.00268329327693806 
66 0 0.00290440263447955 
67 0 0.00302408525224707 
68 0 0.00355670242316919 
69 0 0.00398613169580486 
70 0 0.00397118281552855 
71 0 0.00455075199699928 
72 0 0.00429670034048091 
73 0 0.00528526837532128 
74 0 0.00606921375579084 
75 0 0.00682711093898969 
76 0 0.00661320527194476 
77 0 0.00761537794603817 
78 0 0.00799904616247804 
79 0 0.00926398456903088 
80 0 0.009331895410993 
81 0 0.00974926677057253 
82 0 0.0102858112478026 
83 0 0.0123047285661529 
84 0 0.0119157327865987 
85 0 0.0147510481657633 
86 0 0.0156159072735538 
87 0 0.0182029912593686 
88 0 0.0183504053140759 
89 0 0.0215576048736333 
90 0 0.0210716505142877 
91 0 0.0220536525975725 
92 0 0.0236340830868659 
93 0 0.0290575269780797 
94 0 0.0279897252128121 
95 0 0.0340791521429205 
96 0 0.0335883624971665 
97 0 0.035754308444074 
98 0 0.0379604429282745 
99 0 0.0401960671228246 
100 0 0.0424499095771749 
101 0 0.0833333333333333 
