** Period (Monthly) Age-Specific Probabilities of Death for Australia in 2004 
* Retrieved from the World Population Prospects 2024. Single age life tables up to age 100 Medium variant 
* https://population.un.org/wpp/assets/Excel%20Files/1_Indicator%20(Standard)/CSV_FILES/WPP2024_Life_Table_Complete_Medium_Female_1950-2023.csv.gz and 
* https://population.un.org/wpp/assets/Excel%20Files/1_Indicator%20(Standard)/CSV_FILES/WPP2024_Life_Table_Complete_Medium_Male_1950-2023.csv.gz and 
* United Nations. Population Division. Department of Economic and Social Affairs 
* Data downloaded on  03 Jul 2025 17:37:34 CEST 
** NB: The original WPP annual probabilities have been converted into monthly probabilities 
** The final age interval is limited to one year [100-101) 

death 1 F single 
1 0 0.000352733511149728 
2 0 0.000029166344928 
3 0 0.0000183335152015296 
4 0 0.0000141669371428454 
5 0 0.0000125000260093877 
6 0 0.00000750030939278279 
7 0 0.00000916629543457059 
8 0 0.00000583352049443597 
9 0 0.00000500013750526218 
10 0 0.00000666691112360951 
11 0 0.00000750030939278279 
12 0 0.00000416676215586609 
13 0 0.00000999971661719279 
14 0 0.00000999971661719279 
15 0 0.0000108331454403698 
16 0 0.0000166665276674083 
17 0 0.0000175000176134699 
18 0 0.0000250001039088232 
19 0 0.000031666347917958 
20 0 0.0000250001039088232 
21 0 0.0000349992364201412 
22 0 0.0000308327280768017 
23 0 0.0000216667484441713 
24 0 0.0000258328366956606 
25 0 0.0000258328366956606 
26 0 0.0000299999494883796 
27 0 0.0000299999494883796 
28 0 0.0000349992364201412 
29 0 0.0000250001039088232 
30 0 0.0000349992364201412 
31 0 0.0000266664106883807 
32 0 0.000031666347917958 
33 0 0.0000349992364201412 
34 0 0.0000441657267835627 
35 0 0.0000399987982981909 
36 0 0.0000466653085511304 
37 0 0.0000541653000921682 
38 0 0.0000433319923137665 
39 0 0.0000649982312016517 
40 0 0.000060831181586618 
41 0 0.0000683306740973944 
42 0 0.0000766639839228089 
43 0 0.0000783304039441157 
44 0 0.0000883295656515237 
45 0 0.0000858296721063523 
46 0 0.000108327852112788 
47 0 0.000124158916488093 
48 0 0.00012665902989617 
49 0 0.000134991012402996 
50 0 0.000147488748988067 
51 0 0.000134157279044644 
52 0 0.000153321725478772 
53 0 0.000180817213416895 
54 0 0.000197480183529275 
55 0 0.000231639885953872 
56 0 0.000248302985207616 
57 0 0.000251635470302713 
58 0 0.000297456158723342 
59 0 0.000304120676295483 
60 0 0.000337443905566004 
61 0 0.000392423371627926 
62 0 0.000402419484254457 
63 0 0.000451565660425146 
64 0 0.000524864172158135 
65 0 0.00053735780250852 
66 0 0.000613147671791991 
67 0 0.00065478881013703 
68 0 0.000759716404420518 
69 0 0.000852144167260538 
70 0 0.00094955931606211 
71 0 0.000937070334112167 
72 0 0.00109358367059353 
73 0 0.0011843181455925 
74 0 0.00140654348421521 
75 0 0.0015696468683648 
76 0 0.00176267699037913 
77 0 0.00203053664603359 
78 0 0.00227255487255784 
79 0 0.0025810370667525 
80 0 0.00296175187619718 
81 0 0.00323765644305185 
82 0 0.0039412846238035 
83 0 0.00431994868611729 
84 0 0.0050047822411674 
85 0 0.00561299401569704 
86 0 0.0064548347092469 
87 0 0.00716616022053318 
88 0 0.00828572052394139 
89 0 0.00909999907278436 
90 0 0.0104017207367761 
91 0 0.0123783858047096 
92 0 0.0133325990087818 
93 0 0.0156101149468119 
94 0 0.01662324633996 
95 0 0.0189939769133155 
96 0 0.0211043314381858 
97 0 0.0234094373156182 
98 0 0.0258650117979435 
99 0 0.0284605792663171 
100 0 0.031181782562855 
101 0 0.0833333333333333 

death 1 M single 
1 0 0.000429939374324007 
2 0 0.0000424990992133889 
3 0 0.0000183335152015296 
4 0 0.0000224994506968779 
5 0 0.0000149995707006134 
6 0 0.0000175000176134699 
7 0 0.00000833371530217786 
8 0 0.0000116665819044348 
9 0 0.00000999971661719279 
10 0 0.00000750030939278279 
11 0 0.00000999971661719279 
12 0 0.00000916629543457059 
13 0 0.0000149995707006134 
14 0 0.00000999971661719279 
15 0 0.0000158330453632338 
16 0 0.0000199996997872764 
17 0 0.0000258328366956606 
18 0 0.000039165935736496 
19 0 0.0000566651568346677 
20 0 0.0000724972335176544 
21 0 0.00006916463787765 
22 0 0.000082496587653802 
23 0 0.0000599981281388384 
24 0 0.0000633312216504756 
25 0 0.0000741635771550619 
26 0 0.0000749975944498438 
27 0 0.0000899961995437515 
28 0 0.0000724972335176544 
29 0 0.0000841631146032418 
30 0 0.0000808300912565896 
31 0 0.0000874962601642437 
32 0 0.0000924953734962042 
33 0 0.0000924953734962042 
34 0 0.000106660882083109 
35 0 0.0000908295279488103 
36 0 0.0000874962601642437 
37 0 0.00010249442502086 
38 0 0.0000916628639935357 
39 0 0.000104994776919165 
40 0 0.000120826095202364 
41 0 0.000125825372957022 
42 0 0.000118326142219627 
43 0 0.000125825372957022 
44 0 0.000159154241516912 
45 0 0.000169985499537728 
46 0 0.000162486798824801 
47 0 0.00020081331119326 
48 0 0.000196647547065165 
49 0 0.000209978163241198 
50 0 0.000241637546014029 
51 0 0.000253301758672886 
52 0 0.000294957195131618 
53 0 0.000288291677510766 
54 0 0.000309119176175154 
55 0 0.000379095258047135 
56 0 0.000378262629652681 
57 0 0.000406584646466923 
58 0 0.000489048283231153 
59 0 0.000502374937995431 
60 0 0.000567341140858213 
61 0 0.00068143817658195 
62 0 0.000675608982855125 
63 0 0.000750556437114747 
64 0 0.000857972923345884 
65 0 0.000997014917485939 
66 0 0.00102448799806309 
67 0 0.00113770377211231 
68 0 0.00125673363378076 
69 0 0.00146812601094937 
70 0 0.00159876953406035 
71 0 0.00185335672716058 
72 0 0.0019115879118502 
73 0 0.00218024414909801 
74 0 0.00247627807253148 
75 0 0.00270573797303075 
76 0 0.00302907125884977 
77 0 0.00346448655574338 
78 0 0.00370789047704445 
79 0 0.00429420930114388 
80 0 0.00479562985882798 
81 0 0.00514254186351804 
82 0 0.00601779085301279 
83 0 0.00685778477712295 
84 0 0.0076891332841631 
85 0 0.00851106038400262 
86 0 0.00958365020258223 
87 0 0.0103164448796123 
88 0 0.0117079848744364 
89 0 0.0137041738703054 
90 0 0.0150978104364053 
91 0 0.0164792121960688 
92 0 0.0190163437456079 
93 0 0.0198432068991471 
94 0 0.0220793720341299 
95 0 0.0230428868413873 
96 0 0.0264202999790724 
97 0 0.0287855635260805 
98 0 0.0312517702631299 
99 0 0.0338053675547018 
100 0 0.0364305369290174 
101 0 0.0833333333333333 
