** Period (Monthly) Age-Specific Probabilities of Death for Australia in 2017 
* Retrieved from the World Population Prospects 2024. Single age life tables up to age 100 Medium variant 
* https://population.un.org/wpp/assets/Excel%20Files/1_Indicator%20(Standard)/CSV_FILES/WPP2024_Life_Table_Complete_Medium_Female_1950-2023.csv.gz and 
* https://population.un.org/wpp/assets/Excel%20Files/1_Indicator%20(Standard)/CSV_FILES/WPP2024_Life_Table_Complete_Medium_Male_1950-2023.csv.gz and 
* United Nations. Population Division. Department of Economic and Social Affairs 
* Data downloaded on  03 Jul 2025 17:37:42 CEST 
** NB: The original WPP annual probabilities have been converted into monthly probabilities 
** The final age interval is limited to one year [100-101) 

death 1 F single 
1 0 0.000259677223257593 
2 0 0.0000175000176134699 
3 0 0.0000125000260093877 
4 0 0.00000916629543457059 
5 0 0.00000666691112360951 
6 0 0.00000416676215586609 
7 0 0.00000583352049443597 
8 0 0.00000500013750526218 
9 0 0.00000500013750526218 
10 0 0.00000750030939278279 
11 0 0.00000416676215586609 
12 0 0.00000166668194467867 
13 0 0.00000416676215586609 
14 0 0.0000116665819044348 
15 0 0.00000750030939278279 
16 0 0.0000149995707006134 
17 0 0.0000175000176134699 
18 0 0.0000199996997872764 
19 0 0.0000175000176134699 
20 0 0.000023332994124492 
21 0 0.0000166665276674083 
22 0 0.0000199996997872764 
23 0 0.0000199996997872764 
24 0 0.0000158330453632338 
25 0 0.0000166665276674083 
26 0 0.0000266664106883807 
27 0 0.0000191661869225479 
28 0 0.000023332994124492 
29 0 0.0000208332202944472 
30 0 0.000023332994124492 
31 0 0.0000241665451951034 
32 0 0.0000258328366956606 
33 0 0.0000308327280768017 
34 0 0.000029166344928 
35 0 0.0000466653085511304 
36 0 0.0000449986351540588 
37 0 0.0000424990992133889 
38 0 0.000047499073593138 
39 0 0.0000499987470196084 
40 0 0.000060831181586618 
41 0 0.00006916463787765 
42 0 0.0000624981452916895 
43 0 0.0000791636254107164 
44 0 0.0000758307853678808 
45 0 0.0000949954503661754 
46 0 0.0000983281589223006 
47 0 0.000107494363276728 
48 0 0.000100828396221719 
49 0 0.000135823918829381 
50 0 0.000127491859978179 
51 0 0.000159154241516912 
52 0 0.000167485863895145 
53 0 0.000177483983980542 
54 0 0.000188315756484148 
55 0 0.000193314572160319 
56 0 0.000224141944852319 
57 0 0.000224141944852319 
58 0 0.000237471581419624 
59 0 0.000292457464232454 
60 0 0.000289125153974834 
61 0 0.000329112579936064 
62 0 0.000323281691818389 
63 0 0.000382427521609996 
64 0 0.000379928730894652 
65 0 0.000436572585257755 
66 0 0.000491547562876504 
67 0 0.000514035793131917 
68 0 0.00058982884904013 
69 0 0.000668946545710369 
70 0 0.000708919261143803 
71 0 0.000847148508464235 
72 0 0.000864634095797068 
73 0 0.000992019709042058 
74 0 0.00116350850143376 
75 0 0.00125756590421688 
76 0 0.00141902695399987 
77 0 0.00156298972992674 
78 0 0.00182424068819176 
79 0 0.00208709525560535 
80 0 0.00230748133872105 
81 0 0.00268911208842182 
82 0 0.00302242244945028 
83 0 0.00352845686356917 
84 0 0.00402765566919694 
85 0 0.00456901581700475 
86 0 0.00535662734725872 
87 0 0.00614800249902059 
88 0 0.00727059915090966 
89 0 0.00830560493533006 
90 0 0.00933023985917136 
91 0 0.0111666479518967 
92 0 0.0124429408458413 
93 0 0.0144125679822994 
94 0 0.016262338552704 
95 0 0.0184141763074758 
96 0 0.020818326471972 
97 0 0.0233841440412538 
98 0 0.0261381756552178 
99 0 0.0290654989334306 
100 0 0.032145144713849 
101 0 0.0833333333333333 

death 1 M single 
1 0 0.000298738691310252 
2 0 0.0000216667484441713 
3 0 0.00000999971661719279 
4 0 0.0000133334777554506 
5 0 0.00000750030939278279 
6 0 0.00000500013750526218 
7 0 0.00000500013750526218 
8 0 0.00000583352049443597 
9 0 0.00000750030939278279 
10 0 0.00000916629543457059 
11 0 0.00000750030939278279 
12 0 0.00000500013750526218 
13 0 0.00000999971661719279 
14 0 0.0000108331454403698 
15 0 0.0000158330453632338 
16 0 0.0000149995707006134 
17 0 0.0000216667484441713 
18 0 0.0000324991417722797 
19 0 0.0000441657267835627 
20 0 0.0000541653000921682 
21 0 0.0000483320125058695 
22 0 0.000047499073593138 
23 0 0.000047499073593138 
24 0 0.000047499073593138 
25 0 0.0000558321415637941 
26 0 0.0000499987470196084 
27 0 0.0000533323077286374 
28 0 0.000049165792834871 
29 0 0.0000616650765675741 
30 0 0.0000583320441455148 
31 0 0.00006916463787765 
32 0 0.0000641643056439323 
33 0 0.0000766639839228089 
34 0 0.0000741635771550619 
35 0 0.0000783304039441157 
36 0 0.0000791636254107164 
37 0 0.0000974955959988089 
38 0 0.0000983281589223006 
39 0 0.000105827408531933 
40 0 0.00011415998482589 
41 0 0.00011415998482589 
42 0 0.000131657793934314 
43 0 0.000139990234681586 
44 0 0.000128325532201545 
45 0 0.000165819478322393 
46 0 0.000185816451737875 
47 0 0.000184983087084145 
48 0 0.000219975946741502 
49 0 0.000185816451737875 
50 0 0.000225807729240191 
51 0 0.000229140225045943 
52 0 0.000251635470302713 
53 0 0.00027829473554819 
54 0 0.000283293487041925 
55 0 0.000329112579936064 
56 0 0.000355770323975602 
57 0 0.000395756123965696 
58 0 0.000404086028457984 
59 0 0.000452398960748779 
60 0 0.000497377527620024 
61 0 0.000539855896443675 
62 0 0.000580666704635968 
63 0 0.000672277703208102 
64 0 0.000664782770596339 
65 0 0.000733901796829639 
66 0 0.000813842167251555 
67 0 0.000893775527486818 
68 0 0.00100450698144516 
69 0 0.00105112804458418 
70 0 0.00114769278252458 
71 0 0.00133164063862212 
72 0 0.00143400616701517 
73 0 0.00157879995911037 
74 0 0.00190576515384377 
75 0 0.00192323369780856 
76 0 0.00218190779729766 
77 0 0.00237649953493491 
78 0 0.00285203841544812 
79 0 0.00321106588862741 
80 0 0.00339802047494175 
81 0 0.00392965774912046 
82 0 0.0044843377196172 
83 0 0.00514503167318814 
84 0 0.00558063853580537 
85 0 0.00648634374371249 
86 0 0.00741564514458082 
87 0 0.00842158940803928 
88 0 0.00940891497474627 
89 0 0.0107982733531242 
90 0 0.0125720486042681 
91 0 0.0138978233992383 
92 0 0.016293793215424 
93 0 0.0181806315988333 
94 0 0.0196990234617805 
95 0 0.0224643730069705 
96 0 0.0249517976023602 
97 0 0.027635650091225 
98 0 0.0304641176484759 
99 0 0.0334173012742875 
100 0 0.0364709886859219 
101 0 0.0833333333333333 
