** Period (Monthly) Age-Specific Probabilities of Death for Australia in 1972 
* Retrieved from the World Population Prospects 2024. Single age life tables up to age 100 Medium variant 
* https://population.un.org/wpp/assets/Excel%20Files/1_Indicator%20(Standard)/CSV_FILES/WPP2024_Life_Table_Complete_Medium_Female_1950-2023.csv.gz and 
* https://population.un.org/wpp/assets/Excel%20Files/1_Indicator%20(Standard)/CSV_FILES/WPP2024_Life_Table_Complete_Medium_Male_1950-2023.csv.gz and 
* United Nations. Population Division. Department of Economic and Social Affairs 
* Data downloaded on  03 Jul 2025 17:37:14 CEST 
** NB: The original WPP annual probabilities have been converted into monthly probabilities 
** The final age interval is limited to one year [100-101) 

death 1 F single 
1 0 0.00119523686449585 
2 0 0.000104994776919165 
3 0 0.0000583320441455148 
4 0 0.0000458323849097386 
5 0 0.0000466653085511304 
6 0 0.000029166344928 
7 0 0.0000341664196621405 
8 0 0.0000258328366956606 
9 0 0.0000250001039088232 
10 0 0.0000183335152015296 
11 0 0.0000208332202944472 
12 0 0.0000175000176134699 
13 0 0.0000166665276674083 
14 0 0.0000241665451951034 
15 0 0.0000283327480117279 
16 0 0.0000266664106883807 
17 0 0.0000408325021981071 
18 0 0.0000566651568346677 
19 0 0.0000499987470196084 
20 0 0.0000516655120934573 
21 0 0.0000499987470196084 
22 0 0.000047499073593138 
23 0 0.0000399987982981909 
24 0 0.0000441657267835627 
25 0 0.0000558321415637941 
26 0 0.0000433319923137665 
27 0 0.0000449986351540588 
28 0 0.0000524984891835389 
29 0 0.000047499073593138 
30 0 0.0000708309204254798 
31 0 0.0000716640731535101 
32 0 0.0000558321415637941 
33 0 0.000082496587653802 
34 0 0.0000791636254107164 
35 0 0.0000741635771550619 
36 0 0.0000858296721063523 
37 0 0.0000791636254107164 
38 0 0.0000949954503661754 
39 0 0.000122492490570281 
40 0 0.000147488748988067 
41 0 0.000143322924076039 
42 0 0.000133324387889933 
43 0 0.000183316380698795 
44 0 0.000195814083098211 
45 0 0.000210810921834836 
46 0 0.000239971471476252 
47 0 0.000268297221504454 
48 0 0.000309952007490732 
49 0 0.00031245138343361 
50 0 0.000324114652930696 
51 0 0.000382427521609996 
52 0 0.000439904445085348 
53 0 0.000468224742632861 
54 0 0.000462394135232413 
55 0 0.000514868828484616 
56 0 0.000538190213428047 
57 0 0.000608983936333463 
58 0 0.000668946545710369 
59 0 0.000798020804158139 
60 0 0.000819670147706675 
61 0 0.000823833460098289 
62 0 0.00086213546792302 
63 0 0.00104863018187817 
64 0 0.00126255968704958 
65 0 0.0012084572625104 
66 0 0.00134662150846243 
67 0 0.00131582773704264 
68 0 0.00169778251556296 
69 0 0.00190243778817822 
70 0 0.00205382532671039 
71 0 0.0021328391578237 
72 0 0.00257272359525995 
73 0 0.00302491580351383 
74 0 0.00298668559440696 
75 0 0.00354341082717913 
76 0 0.0040102158241837 
77 0 0.00450426257813963 
78 0 0.0046055422446688 
79 0 0.00550763085582284 
80 0 0.0062574725950999 
81 0 0.00638269218989285 
82 0 0.00677985474866272 
83 0 0.00811670302453527 
84 0 0.0088838209200689 
85 0 0.0106351866261609 
86 0 0.0109191360594753 
87 0 0.0126134297777449 
88 0 0.0133417022802538 
89 0 0.0140807146782783 
90 0 0.0165611614111183 
91 0 0.0173492843375361 
92 0 0.0183007154046473 
93 0 0.0191836816036581 
94 0 0.0219740106673235 
95 0 0.0253468936037204 
96 0 0.0259864728815803 
97 0 0.0279770412670842 
98 0 0.0300438025566473 
99 0 0.0321789970583979 
100 0 0.0343736025842027 
101 0 0.0833333333333333 

death 1 M single 
1 0 0.00158037121239185 
2 0 0.000120826095202364 
3 0 0.0000791636254107164 
4 0 0.0000641643056439323 
5 0 0.0000483320125058695 
6 0 0.0000458323849097386 
7 0 0.0000433319923137665 
8 0 0.0000408325021981071 
9 0 0.0000283327480117279 
10 0 0.0000274999923247643 
11 0 0.000029166344928 
12 0 0.0000341664196621405 
13 0 0.0000358328944697339 
14 0 0.0000266664106883807 
15 0 0.0000458323849097386 
16 0 0.0000541653000921682 
17 0 0.000095828824603239 
18 0 0.000116659823229059 
19 0 0.000174151711707426 
20 0 0.000179150583419108 
21 0 0.000154987881941571 
22 0 0.000146655735667411 
23 0 0.000139990234681586 
24 0 0.000121658871843011 
25 0 0.000125825372957022 
26 0 0.0000999949761474328 
27 0 0.000095828824603239 
28 0 0.000103327868011815 
29 0 0.000104994776919165 
30 0 0.000129158377552785 
31 0 0.0000999949761474328 
32 0 0.00011415998482589 
33 0 0.000117493396111668 
34 0 0.000116659823229059 
35 0 0.000136657667474838 
36 0 0.000156654068946604 
37 0 0.000149988669465251 
38 0 0.000171651961490049 
39 0 0.000208311833698072 
40 0 0.000209144577024478 
41 0 0.000207478262763794 
42 0 0.000249136095026081 
43 0 0.000289958638082677 
44 0 0.000316616605266495 
45 0 0.000358269287114688 
46 0 0.000396588912659812 
47 0 0.000457396410560418 
48 0 0.000513203603468848 
49 0 0.000546518933883577 
50 0 0.000596491358288875 
51 0 0.000626473243361847 
52 0 0.00064646106972488 
53 0 0.000882118842579827 
54 0 0.000874625087726844 
55 0 0.0010144973615851 
56 0 0.00107360515530197 
57 0 0.00119180963681609 
58 0 0.00130251054175323 
59 0 0.00151555861183228 
60 0 0.00164869318456728 
61 0 0.00174603785808458 
62 0 0.00198645239609474 
63 0 0.00229500837662977 
64 0 0.00240643432125476 
65 0 0.00270823207577842 
66 0 0.00294845342595107 
67 0 0.0028121395666858 
68 0 0.00349605684741627 
69 0 0.00356667196681115 
70 0 0.00388563884018467 
71 0 0.0041596936688596 
72 0 0.00483879097137796 
73 0 0.00578305365884879 
74 0 0.00561382295457624 
75 0 0.00624088658856148 
76 0 0.00682959817734274 
77 0 0.00760791916979298 
78 0 0.00800567522939988 
79 0 0.00923748243514744 
80 0 0.00946440032831275 
81 0 0.0100423889099471 
82 0 0.00996952428880638 
83 0 0.0121425114433469 
84 0 0.013109154542522 
85 0 0.0137803106371854 
86 0 0.0149802903618893 
87 0 0.0161290742485307 
88 0 0.0175587591139211 
89 0 0.0191041537973307 
90 0 0.0213129529755662 
91 0 0.0239480533975647 
92 0 0.025211346567766 
93 0 0.0266674763716064 
94 0 0.0249826942806923 
95 0 0.0295234192553882 
96 0 0.0316854886192364 
97 0 0.0337181290728541 
98 0 0.0357963095239565 
99 0 0.0379112461574188 
100 0 0.0400535134892037 
101 0 0.0833333333333333 
