** Period (Monthly) Age-Specific Fertility Rates for Australia in 1982 
* Retrieved from the World Population Prospects 2024 
* https://population.un.org/wpp/assets/Excel%20Files/1_Indicator%20(Standard)/CSV_FILES/WPP2024_Fertility_by_Age1.csv.gz 
* United Nations. Population Division. Department of Economic and Social Affairs 
* Data downloaded on  03 Jul 2025 17:36:51 CEST 
** NB: The original WPP annual rates have been converted into monthly rates 

birth 1 F single 0 
15 0 0 
16 0 0.000480916666666667 
17 0 0.000987333333333333 
18 0 0.00212516666666667 
19 0 0.00328825 
20 0 0.00448466666666667 
21 0 0.00581883333333333 
22 0 0.00717316666666667 
23 0 0.00882858333333333 
24 0 0.0101495 
25 0 0.01166275 
26 0 0.0125849166666667 
27 0 0.0126770833333333 
28 0 0.0125430833333333 
29 0 0.01187325 
30 0 0.01097725 
31 0 0.00958391666666667 
32 0 0.00786558333333333 
33 0 0.00660608333333333 
34 0 0.0052465 
35 0 0.00425391666666667 
36 0 0.00325541666666667 
37 0 0.002645 
38 0 0.00197525 
39 0 0.00144116666666667 
40 0 0.00111058333333333 
41 0 0.000772333333333333 
42 0 0.0004785 
43 0 0.000310583333333333 
44 0 0.000193083333333333 
45 0 0.00010075 
46 0 0.0000383333333333333 
47 0 0.0000255 
48 0 0.00001275 
49 0 0 
50 0 0.0000145 
101 0 0 

birth 1 F married 0 
15 0 0 
16 0 0.000480916666666667 
17 0 0.000987333333333333 
18 0 0.00212516666666667 
19 0 0.00328825 
20 0 0.00448466666666667 
21 0 0.00581883333333333 
22 0 0.00717316666666667 
23 0 0.00882858333333333 
24 0 0.0101495 
25 0 0.01166275 
26 0 0.0125849166666667 
27 0 0.0126770833333333 
28 0 0.0125430833333333 
29 0 0.01187325 
30 0 0.01097725 
31 0 0.00958391666666667 
32 0 0.00786558333333333 
33 0 0.00660608333333333 
34 0 0.0052465 
35 0 0.00425391666666667 
36 0 0.00325541666666667 
37 0 0.002645 
38 0 0.00197525 
39 0 0.00144116666666667 
40 0 0.00111058333333333 
41 0 0.000772333333333333 
42 0 0.0004785 
43 0 0.000310583333333333 
44 0 0.000193083333333333 
45 0 0.00010075 
46 0 0.0000383333333333333 
47 0 0.0000255 
48 0 0.00001275 
49 0 0 
50 0 0.0000145 
101 0 0 
