** Period (Monthly) Age-Specific Fertility Rates for Australia in 2019 
* Retrieved from the World Population Prospects 2024 
* https://population.un.org/wpp/assets/Excel%20Files/1_Indicator%20(Standard)/CSV_FILES/WPP2024_Fertility_by_Age1.csv.gz 
* United Nations. Population Division. Department of Economic and Social Affairs 
* Data downloaded on  03 Jul 2025 17:36:59 CEST 
** NB: The original WPP annual rates have been converted into monthly rates 

birth 1 F single 0 
15 0 0 
16 0 0.0000670833333333333 
17 0 0.000208083333333333 
18 0 0.000541833333333333 
19 0 0.001068 
20 0 0.00167566666666667 
21 0 0.002321 
22 0 0.00287091666666667 
23 0 0.00332616666666667 
24 0 0.00378183333333333 
25 0 0.00429083333333333 
26 0 0.00497883333333333 
27 0 0.00588466666666667 
28 0 0.00693983333333333 
29 0 0.0080745 
30 0 0.00904008333333333 
31 0 0.00975608333333333 
32 0 0.0100164166666667 
33 0 0.0098405 
34 0 0.00942458333333333 
35 0 0.00880283333333333 
36 0 0.00794791666666667 
37 0 0.00685683333333333 
38 0 0.00575583333333333 
39 0 0.00468958333333333 
40 0 0.00364875 
41 0 0.00258016666666667 
42 0 0.00176041666666667 
43 0 0.0011135 
44 0 0.000656333333333333 
45 0 0.000377166666666667 
46 0 0.000252666666666667 
47 0 0.000145083333333333 
48 0 0.000076 
49 0 0.0000309166666666667 
50 0 0.00000725 
101 0 0 

birth 1 F married 0 
15 0 0 
16 0 0.0000670833333333333 
17 0 0.000208083333333333 
18 0 0.000541833333333333 
19 0 0.001068 
20 0 0.00167566666666667 
21 0 0.002321 
22 0 0.00287091666666667 
23 0 0.00332616666666667 
24 0 0.00378183333333333 
25 0 0.00429083333333333 
26 0 0.00497883333333333 
27 0 0.00588466666666667 
28 0 0.00693983333333333 
29 0 0.0080745 
30 0 0.00904008333333333 
31 0 0.00975608333333333 
32 0 0.0100164166666667 
33 0 0.0098405 
34 0 0.00942458333333333 
35 0 0.00880283333333333 
36 0 0.00794791666666667 
37 0 0.00685683333333333 
38 0 0.00575583333333333 
39 0 0.00468958333333333 
40 0 0.00364875 
41 0 0.00258016666666667 
42 0 0.00176041666666667 
43 0 0.0011135 
44 0 0.000656333333333333 
45 0 0.000377166666666667 
46 0 0.000252666666666667 
47 0 0.000145083333333333 
48 0 0.000076 
49 0 0.0000309166666666667 
50 0 0.00000725 
101 0 0 
