** Period (Monthly) Age-Specific Probabilities of Death for Australia in 2020 
* Retrieved from the World Population Prospects 2024. Single age life tables up to age 100 Medium variant 
* https://population.un.org/wpp/assets/Excel%20Files/1_Indicator%20(Standard)/CSV_FILES/WPP2024_Life_Table_Complete_Medium_Female_1950-2023.csv.gz and 
* https://population.un.org/wpp/assets/Excel%20Files/1_Indicator%20(Standard)/CSV_FILES/WPP2024_Life_Table_Complete_Medium_Male_1950-2023.csv.gz and 
* United Nations. Population Division. Department of Economic and Social Affairs 
* Data downloaded on  03 Jul 2025 17:37:43 CEST 
** NB: The original WPP annual probabilities have been converted into monthly probabilities 
** The final age interval is limited to one year [100-101) 

death 1 F single 
1 0 0.000229747589538754 
2 0 0.0000191661869225479 
3 0 0.00000583352049443597 
4 0 0.0000108331454403698 
5 0 0.00000833371530217786 
6 0 0.00000250003437562984 
7 0 0.00000416676215586609 
8 0 0.00000333339444602565 
9 0 0.00000666691112360951 
10 0 0.000000833337152839064 
11 0 0.00000666691112360951 
12 0 0.00000500013750526218 
13 0 0.00000500013750526218 
14 0 0.00000750030939278279 
15 0 0.00000916629543457059 
16 0 0.0000108331454403698 
17 0 0.0000116665819044348 
18 0 0.0000266664106883807 
19 0 0.0000199996997872764 
20 0 0.0000175000176134699 
21 0 0.0000216667484441713 
22 0 0.0000158330453632338 
23 0 0.0000166665276674083 
24 0 0.0000216667484441713 
25 0 0.0000158330453632338 
26 0 0.0000199996997872764 
27 0 0.0000183335152015296 
28 0 0.0000258328366956606 
29 0 0.0000224994506968779 
30 0 0.0000283327480117279 
31 0 0.0000283327480117279 
32 0 0.0000299999494883796 
33 0 0.000029166344928 
34 0 0.0000308327280768017 
35 0 0.0000366657264949666 
36 0 0.0000408325021981071 
37 0 0.0000416662137441293 
38 0 0.0000483320125058695 
39 0 0.0000499987470196084 
40 0 0.0000524984891835389 
41 0 0.000047499073593138 
42 0 0.000060831181586618 
43 0 0.0000674975519204812 
44 0 0.0000716640731535101 
45 0 0.0000866629623158532 
46 0 0.0000916628639935357 
47 0 0.0000941620837694446 
48 0 0.00011499353478428 
49 0 0.000116659823229059 
50 0 0.000124158916488093 
51 0 0.000136657667474838 
52 0 0.000145822729980871 
53 0 0.000161653648042992 
54 0 0.000182483038966952 
55 0 0.000190815129957 
56 0 0.000208311833698072 
57 0 0.000204979266257843 
58 0 0.000248302985207616 
59 0 0.000230806936496686 
60 0 0.000274962108670507 
61 0 0.000301621529446461 
62 0 0.00033327856547638 
63 0 0.000358269287114688 
64 0 0.000402419484254457 
65 0 0.00041907960433285 
66 0 0.000447400948320409 
67 0 0.000462394135232413 
68 0 0.0005107045661219 
69 0 0.000561510877903348 
70 0 0.000656454114076999 
71 0 0.000744727847882598 
72 0 0.000793024758492744 
73 0 0.000902101564885127 
74 0 0.0010228226751966 
75 0 0.00111522766462513 
76 0 0.00127337964709995 
77 0 0.00143899950512016 
78 0 0.00155882969021048 
79 0 0.00179096329449058 
80 0 0.00208376805468347 
81 0 0.00235404894095737 
82 0 0.00280216501937314 
83 0 0.00310968411272827 
84 0 0.00363146823357996 
85 0 0.00418792651076549 
86 0 0.00465534870502227 
87 0 0.00544125738155654 
88 0 0.00637854613300926 
89 0 0.00712803074794321 
90 0 0.00832465961656392 
91 0 0.009375788794729 
92 0 0.0114662924688307 
93 0 0.012608463527798 
94 0 0.0141121612629809 
95 0 0.015932907254059 
96 0 0.018245466072408 
97 0 0.0205427884051466 
98 0 0.0230294531313264 
99 0 0.0256977265928068 
100 0 0.0285344642209956 
101 0 0.0833333333333333 

death 1 M single 
1 0 0.000282949918566699 
2 0 0.0000133334777554506 
3 0 0.0000141669371428454 
4 0 0.00000750030939278279 
5 0 0.00000666691112360951 
6 0 0.00000333339444602565 
7 0 0.00000416676215586609 
8 0 0.00000583352049443597 
9 0 0.00000583352049443597 
10 0 0.00000333339444602565 
11 0 0.00000250003437562984 
12 0 0.00000583352049443597 
13 0 0.00000583352049443597 
14 0 0.00000999971661719279 
15 0 0.0000166665276674083 
16 0 0.0000149995707006134 
17 0 0.0000250001039088232 
18 0 0.0000424990992133889 
19 0 0.0000433319923137665 
20 0 0.000049165792834871 
21 0 0.0000399987982981909 
22 0 0.0000574981797391017 
23 0 0.000049165792834871 
24 0 0.0000483320125058695 
25 0 0.0000566651568346677 
26 0 0.0000483320125058695 
27 0 0.0000574981797391017 
28 0 0.000050831708836796 
29 0 0.0000716640731535101 
30 0 0.0000574981797391017 
31 0 0.0000658313304726654 
32 0 0.00006916463787765 
33 0 0.0000724972335176544 
34 0 0.0000574981797391017 
35 0 0.0000699977753336745 
36 0 0.0000774971901148502 
37 0 0.0000866629623158532 
38 0 0.0000866629623158532 
39 0 0.0000874962601642437 
40 0 0.0000924953734962042 
41 0 0.000122492490570281 
42 0 0.000110827530127589 
43 0 0.000113327276884068 
44 0 0.000115826257990559 
45 0 0.000129158377552785 
46 0 0.000153321725478772 
47 0 0.000158321121281002 
48 0 0.000190815129957 
49 0 0.000193314572160319 
50 0 0.000205811979051451 
51 0 0.000213310913978915 
52 0 0.000252468610669188 
53 0 0.000260799598684081 
54 0 0.000291624793218981 
55 0 0.000307452700282873 
56 0 0.000323281691818389 
57 0 0.000372431097468984 
58 0 0.000417413622303409 
59 0 0.0004090841702723 
60 0 0.000497377527620024 
61 0 0.000529861418150923 
62 0 0.000544853128714662 
63 0 0.00057233820789615 
64 0 0.000673943327762383 
65 0 0.000716414476390259 
66 0 0.000765545955472624 
67 0 0.000840486936002027 
68 0 0.000869629875063449 
69 0 0.0009462289213652 
70 0 0.00109025389393025 
71 0 0.00125173932647193 
72 0 0.00128836189389048 
73 0 0.00150390910137888 
74 0 0.00169445427688097 
75 0 0.00164952566197241 
76 0 0.00200891016089444 
77 0 0.00223845924973753 
78 0 0.0024496718835062 
79 0 0.00276392810689507 
80 0 0.00312879728415927 
81 0 0.0034437158602133 
82 0 0.00399858880438109 
83 0 0.00446441286992605 
84 0 0.00511598727600138 
85 0 0.00575899734450214 
86 0 0.00663973812875573 
87 0 0.00769244818129566 
88 0 0.00825506682845356 
89 0 0.00940229005827264 
90 0 0.0108380083218608 
91 0 0.0124628034171778 
92 0 0.0137927235344687 
93 0 0.0159097325422684 
94 0 0.0179479333507965 
95 0 0.0192681842752617 
96 0 0.0218071563127602 
97 0 0.0241794623644188 
98 0 0.0267016598283131 
99 0 0.0293617308405563 
100 0 0.0321436728567922 
101 0 0.0833333333333333 
