** Period (Monthly) Age-Specific Fertility Rates for Australia in 2022 
* Retrieved from the World Population Prospects 2024 
* https://population.un.org/wpp/assets/Excel%20Files/1_Indicator%20(Standard)/CSV_FILES/WPP2024_Fertility_by_Age1.csv.gz 
* United Nations. Population Division. Department of Economic and Social Affairs 
* Data downloaded on  03 Jul 2025 17:37:00 CEST 
** NB: The original WPP annual rates have been converted into monthly rates 

birth 1 F single 0 
15 0 0 
16 0 0.0000395 
17 0 0.000134583333333333 
18 0 0.000408416666666667 
19 0 0.000868 
20 0 0.00142691666666667 
21 0 0.00204816666666667 
22 0 0.00259341666666667 
23 0 0.003062 
24 0 0.003541 
25 0 0.00408116666666667 
26 0 0.00480666666666667 
27 0 0.00575516666666667 
28 0 0.00685016666666667 
29 0 0.00801991666666667 
30 0 0.00901525 
31 0 0.00975658333333333 
32 0 0.01003125 
33 0 0.00985983333333333 
34 0 0.00944008333333333 
35 0 0.00880833333333333 
36 0 0.00794158333333333 
37 0 0.00684616666666667 
38 0 0.005744 
39 0 0.00467991666666667 
40 0 0.00364608333333333 
41 0 0.00259391666666667 
42 0 0.00177841666666667 
43 0 0.00113141666666667 
44 0 0.000672083333333333 
45 0 0.000389333333333333 
46 0 0.000255583333333333 
47 0 0.000145416666666667 
48 0 0.0000745 
49 0 0.000029 
50 0 0.00000583333333333333 
101 0 0 

birth 1 F married 0 
15 0 0 
16 0 0.0000395 
17 0 0.000134583333333333 
18 0 0.000408416666666667 
19 0 0.000868 
20 0 0.00142691666666667 
21 0 0.00204816666666667 
22 0 0.00259341666666667 
23 0 0.003062 
24 0 0.003541 
25 0 0.00408116666666667 
26 0 0.00480666666666667 
27 0 0.00575516666666667 
28 0 0.00685016666666667 
29 0 0.00801991666666667 
30 0 0.00901525 
31 0 0.00975658333333333 
32 0 0.01003125 
33 0 0.00985983333333333 
34 0 0.00944008333333333 
35 0 0.00880833333333333 
36 0 0.00794158333333333 
37 0 0.00684616666666667 
38 0 0.005744 
39 0 0.00467991666666667 
40 0 0.00364608333333333 
41 0 0.00259391666666667 
42 0 0.00177841666666667 
43 0 0.00113141666666667 
44 0 0.000672083333333333 
45 0 0.000389333333333333 
46 0 0.000255583333333333 
47 0 0.000145416666666667 
48 0 0.0000745 
49 0 0.000029 
50 0 0.00000583333333333333 
101 0 0 
