** Period (Monthly) Age-Specific Fertility Rates for Australia in 1998 
* Retrieved from the World Population Prospects 2024 
* https://population.un.org/wpp/assets/Excel%20Files/1_Indicator%20(Standard)/CSV_FILES/WPP2024_Fertility_by_Age1.csv.gz 
* United Nations. Population Division. Department of Economic and Social Affairs 
* Data downloaded on  03 Jul 2025 17:36:55 CEST 
** NB: The original WPP annual rates have been converted into monthly rates 

birth 1 F single 0 
15 0 0 
16 0 0.000337416666666667 
17 0 0.000675583333333333 
18 0 0.00147475 
19 0 0.00224925 
20 0 0.0031885 
21 0 0.00379658333333333 
22 0 0.00428266666666667 
23 0 0.00502858333333333 
24 0 0.00576616666666667 
25 0 0.00668808333333333 
26 0 0.00764483333333333 
27 0 0.0085285 
28 0 0.00927041666666667 
29 0 0.0103625833333333 
30 0 0.0106376666666667 
31 0 0.010449 
32 0 0.01000775 
33 0 0.00915016666666667 
34 0 0.0080595 
35 0 0.00701875 
36 0 0.0058485 
37 0 0.00472058333333333 
38 0 0.00362608333333333 
39 0 0.00269866666666667 
40 0 0.00206366666666667 
41 0 0.001384 
42 0 0.000905916666666667 
43 0 0.00057875 
44 0 0.000327166666666667 
45 0 0.000134166666666667 
46 0 0.0000724166666666667 
47 0 0.0000361666666666667 
48 0 0.0000180833333333333 
49 0 0.00000908333333333333 
50 0 0.00000466666666666667 
101 0 0 

birth 1 F married 0 
15 0 0 
16 0 0.000337416666666667 
17 0 0.000675583333333333 
18 0 0.00147475 
19 0 0.00224925 
20 0 0.0031885 
21 0 0.00379658333333333 
22 0 0.00428266666666667 
23 0 0.00502858333333333 
24 0 0.00576616666666667 
25 0 0.00668808333333333 
26 0 0.00764483333333333 
27 0 0.0085285 
28 0 0.00927041666666667 
29 0 0.0103625833333333 
30 0 0.0106376666666667 
31 0 0.010449 
32 0 0.01000775 
33 0 0.00915016666666667 
34 0 0.0080595 
35 0 0.00701875 
36 0 0.0058485 
37 0 0.00472058333333333 
38 0 0.00362608333333333 
39 0 0.00269866666666667 
40 0 0.00206366666666667 
41 0 0.001384 
42 0 0.000905916666666667 
43 0 0.00057875 
44 0 0.000327166666666667 
45 0 0.000134166666666667 
46 0 0.0000724166666666667 
47 0 0.0000361666666666667 
48 0 0.0000180833333333333 
49 0 0.00000908333333333333 
50 0 0.00000466666666666667 
101 0 0 
