** Period (Monthly) Age-Specific Fertility Rates for Australia in 1994 
* Retrieved from the World Population Prospects 2024 
* https://population.un.org/wpp/assets/Excel%20Files/1_Indicator%20(Standard)/CSV_FILES/WPP2024_Fertility_by_Age1.csv.gz 
* United Nations. Population Division. Department of Economic and Social Affairs 
* Data downloaded on  03 Jul 2025 17:36:54 CEST 
** NB: The original WPP annual rates have been converted into monthly rates 

birth 1 F single 0 
15 0 0 
16 0 0.000405583333333333 
17 0 0.00075575 
18 0 0.00157033333333333 
19 0 0.00235975 
20 0 0.00351016666666667 
21 0 0.00415741666666667 
22 0 0.00486983333333333 
23 0 0.00564933333333333 
24 0 0.00652941666666667 
25 0 0.0078705 
26 0 0.00902808333333333 
27 0 0.01014925 
28 0 0.0108436666666667 
29 0 0.0112285833333333 
30 0 0.0113791666666667 
31 0 0.01074725 
32 0 0.010028 
33 0 0.009016 
34 0 0.00769458333333333 
35 0 0.00649016666666667 
36 0 0.005342 
37 0 0.00423675 
38 0 0.00332408333333333 
39 0 0.00236958333333333 
40 0 0.00180858333333333 
41 0 0.00120466666666667 
42 0 0.000741333333333333 
43 0 0.000480166666666667 
44 0 0.000244333333333333 
45 0 0.0001095 
46 0 0.0000525 
47 0 0.0000225 
48 0 0.0000075 
49 0 0.0000075 
50 0 0.00000833333333333333 
101 0 0 

birth 1 F married 0 
15 0 0 
16 0 0.000405583333333333 
17 0 0.00075575 
18 0 0.00157033333333333 
19 0 0.00235975 
20 0 0.00351016666666667 
21 0 0.00415741666666667 
22 0 0.00486983333333333 
23 0 0.00564933333333333 
24 0 0.00652941666666667 
25 0 0.0078705 
26 0 0.00902808333333333 
27 0 0.01014925 
28 0 0.0108436666666667 
29 0 0.0112285833333333 
30 0 0.0113791666666667 
31 0 0.01074725 
32 0 0.010028 
33 0 0.009016 
34 0 0.00769458333333333 
35 0 0.00649016666666667 
36 0 0.005342 
37 0 0.00423675 
38 0 0.00332408333333333 
39 0 0.00236958333333333 
40 0 0.00180858333333333 
41 0 0.00120466666666667 
42 0 0.000741333333333333 
43 0 0.000480166666666667 
44 0 0.000244333333333333 
45 0 0.0001095 
46 0 0.0000525 
47 0 0.0000225 
48 0 0.0000075 
49 0 0.0000075 
50 0 0.00000833333333333333 
101 0 0 
