** Period (Monthly) Age-Specific Fertility Rates for Australia in 2014 
* Retrieved from the World Population Prospects 2024 
* https://population.un.org/wpp/assets/Excel%20Files/1_Indicator%20(Standard)/CSV_FILES/WPP2024_Fertility_by_Age1.csv.gz 
* United Nations. Population Division. Department of Economic and Social Affairs 
* Data downloaded on  03 Jul 2025 17:36:58 CEST 
** NB: The original WPP annual rates have been converted into monthly rates 

birth 1 F single 0 
15 0 0 
16 0 0.000156583333333333 
17 0 0.000436916666666667 
18 0 0.000917833333333333 
19 0 0.00157583333333333 
20 0 0.00225466666666667 
21 0 0.00290858333333333 
22 0 0.0034775 
23 0 0.00397483333333333 
24 0 0.00450758333333333 
25 0 0.00512225 
26 0 0.00590658333333333 
27 0 0.00688133333333333 
28 0 0.00795208333333333 
29 0 0.00904575 
30 0 0.009927 
31 0 0.0105225 
32 0 0.0106440833333333 
33 0 0.0103189166666667 
34 0 0.00975733333333333 
35 0 0.00899983333333333 
36 0 0.00802758333333333 
37 0 0.00685033333333333 
38 0 0.00568691666666667 
39 0 0.00458091666666667 
40 0 0.003521 
41 0 0.00245616666666667 
42 0 0.00164541666666667 
43 0 0.00101525 
44 0 0.000578083333333333 
45 0 0.00032025 
46 0 0.00021525 
47 0 0.000122666666666667 
48 0 0.0000644166666666667 
49 0 0.0000254166666666667 
50 0 0.00000516666666666667 
101 0 0 

birth 1 F married 0 
15 0 0 
16 0 0.000156583333333333 
17 0 0.000436916666666667 
18 0 0.000917833333333333 
19 0 0.00157583333333333 
20 0 0.00225466666666667 
21 0 0.00290858333333333 
22 0 0.0034775 
23 0 0.00397483333333333 
24 0 0.00450758333333333 
25 0 0.00512225 
26 0 0.00590658333333333 
27 0 0.00688133333333333 
28 0 0.00795208333333333 
29 0 0.00904575 
30 0 0.009927 
31 0 0.0105225 
32 0 0.0106440833333333 
33 0 0.0103189166666667 
34 0 0.00975733333333333 
35 0 0.00899983333333333 
36 0 0.00802758333333333 
37 0 0.00685033333333333 
38 0 0.00568691666666667 
39 0 0.00458091666666667 
40 0 0.003521 
41 0 0.00245616666666667 
42 0 0.00164541666666667 
43 0 0.00101525 
44 0 0.000578083333333333 
45 0 0.00032025 
46 0 0.00021525 
47 0 0.000122666666666667 
48 0 0.0000644166666666667 
49 0 0.0000254166666666667 
50 0 0.00000516666666666667 
101 0 0 
