** Period (Monthly) Age-Specific Probabilities of Death for Australia in 2010 
* Retrieved from the World Population Prospects 2024. Single age life tables up to age 100 Medium variant 
* https://population.un.org/wpp/assets/Excel%20Files/1_Indicator%20(Standard)/CSV_FILES/WPP2024_Life_Table_Complete_Medium_Female_1950-2023.csv.gz and 
* https://population.un.org/wpp/assets/Excel%20Files/1_Indicator%20(Standard)/CSV_FILES/WPP2024_Life_Table_Complete_Medium_Male_1950-2023.csv.gz and 
* United Nations. Population Division. Department of Economic and Social Affairs 
* Data downloaded on  03 Jul 2025 17:37:38 CEST 
** NB: The original WPP annual probabilities have been converted into monthly probabilities 
** The final age interval is limited to one year [100-101) 

death 1 F single 
1 0 0.000284610929535689 
2 0 0.0000241665451951034 
3 0 0.0000158330453632338 
4 0 0.00000750030939278279 
5 0 0.00000833371530217786 
6 0 0.00000833371530217786 
7 0 0.00000666691112360951 
8 0 0.00000666691112360951 
9 0 0.00000416676215586609 
10 0 0.00000916629543457059 
11 0 0.00000750030939278279 
12 0 0.00000416676215586609 
13 0 0.00000583352049443597 
14 0 0.00000666691112360951 
15 0 0.00000833371530217786 
16 0 0.0000125000260093877 
17 0 0.0000175000176134699 
18 0 0.0000241665451951034 
19 0 0.0000175000176134699 
20 0 0.0000175000176134699 
21 0 0.0000274999923247643 
22 0 0.0000199996997872764 
23 0 0.0000224994506968779 
24 0 0.0000183335152015296 
25 0 0.0000274999923247643 
26 0 0.0000250001039088232 
27 0 0.0000250001039088232 
28 0 0.0000199996997872764 
29 0 0.0000283327480117279 
30 0 0.000029166344928 
31 0 0.000031666347917958 
32 0 0.0000274999923247643 
33 0 0.0000299999494883796 
34 0 0.0000349992364201412 
35 0 0.0000358328944697339 
36 0 0.0000458323849097386 
37 0 0.0000424990992133889 
38 0 0.0000483320125058695 
39 0 0.0000524984891835389 
40 0 0.0000666644373789049 
41 0 0.0000641643056439323 
42 0 0.0000766639839228089 
43 0 0.0000708309204254798 
44 0 0.0000733304015181346 
45 0 0.0000949954503661754 
46 0 0.0000991615637143672 
47 0 0.00011415998482589 
48 0 0.000109994018370752 
49 0 0.000120826095202364 
50 0 0.000140823186918437 
51 0 0.000154154799892448 
52 0 0.000152488658700212 
53 0 0.000187482368914638 
54 0 0.000184149730071081 
55 0 0.000201646821004209 
56 0 0.00023580558324654 
57 0 0.00023247284304484 
58 0 0.000254968077593176 
59 0 0.000274962108670507 
60 0 0.000307452700282873 
61 0 0.000322448738340642 
62 0 0.000337443905566004 
63 0 0.000418246609500184 
64 0 0.000432407722937178 
65 0 0.000479053527506434 
66 0 0.000503207866447086 
67 0 0.000584831658671625 
68 0 0.000634801669253782 
69 0 0.000665615510352491 
70 0 0.000768043608615598 
71 0 0.000922916209901814 
72 0 0.00101866034435538 
73 0 0.00110440628804798 
74 0 0.00124508095898124 
75 0 0.00136576347534456 
76 0 0.00155134006470681 
77 0 0.00161041850288424 
78 0 0.00190077415110068 
79 0 0.00216194773918854 
80 0 0.00241973822943575 
81 0 0.00303655121393387 
82 0 0.00333321195390845 
83 0 0.00379012297491987 
84 0 0.00433821493759812 
85 0 0.00508113326243753 
86 0 0.00577807614878423 
87 0 0.00661071860842299 
88 0 0.00748857926077107 
89 0 0.00895588187176366 
90 0 0.0100349369416 
91 0 0.0118404142085083 
92 0 0.0129527419505141 
93 0 0.0148611154567609 
94 0 0.0165710946266133 
95 0 0.0189318499607891 
96 0 0.0212241517356063 
97 0 0.0237253451567927 
98 0 0.0264001111238059 
99 0 0.0292344763217048 
100 0 0.0322092415252221 
101 0 0.0833333333333333 

death 1 M single 
1 0 0.000395910126525845 
2 0 0.000029166344928 
3 0 0.0000183335152015296 
4 0 0.0000125000260093877 
5 0 0.00000833371530217786 
6 0 0.0000108331454403698 
7 0 0.0000149995707006134 
8 0 0.00000583352049443597 
9 0 0.0000141669371428454 
10 0 0.00000583352049443597 
11 0 0.00000833371530217786 
12 0 0.00000500013750526218 
13 0 0.00000750030939278279 
14 0 0.00000833371530217786 
15 0 0.0000208332202944472 
16 0 0.0000158330453632338 
17 0 0.0000333327768948788 
18 0 0.0000458323849097386 
19 0 0.0000549983000887044 
20 0 0.000047499073593138 
21 0 0.000050831708836796 
22 0 0.0000549983000887044 
23 0 0.000047499073593138 
24 0 0.000047499073593138 
25 0 0.000050831708836796 
26 0 0.0000549983000887044 
27 0 0.0000533323077286374 
28 0 0.0000616650765675741 
29 0 0.0000541653000921682 
30 0 0.0000683306740973944 
31 0 0.0000649982312016517 
32 0 0.0000733304015181346 
33 0 0.0000791636254107164 
34 0 0.000082496587653802 
35 0 0.0000799968545148744 
36 0 0.0000874962601642437 
37 0 0.0000874962601642437 
38 0 0.00010249442502086 
39 0 0.00011415998482589 
40 0 0.00010249442502086 
41 0 0.000112493742205344 
42 0 0.000100828396221719 
43 0 0.000127491859978179 
44 0 0.000144989731928336 
45 0 0.000144155906853571 
46 0 0.000169152280018903 
47 0 0.000180817213416895 
48 0 0.000201646821004209 
49 0 0.000213310913978915 
50 0 0.000216642951604951 
51 0 0.000252468610669188 
52 0 0.000260799598684081 
53 0 0.000282460064057299 
54 0 0.00031078568262588 
55 0 0.00033327856547638 
56 0 0.000391590621106941 
57 0 0.000388258858432078 
58 0 0.000428242214228103 
59 0 0.000445735284409055 
60 0 0.000500709103997576 
61 0 0.000576502780153865 
62 0 0.000585664504646366 
63 0 0.000647293641557689 
64 0 0.000714748912882923 
65 0 0.000757218139915583 
66 0 0.000898771226660044 
67 0 0.000998679767176269 
68 0 0.00108442707854317 
69 0 0.0011893121229607 
70 0 0.00130001420775938 
71 0 0.00152720877010371 
72 0 0.00160625883344445 
73 0 0.00176600518296921 
74 0 0.00202305059431329 
75 0 0.00216111652098938 
76 0 0.00251036728629161 
77 0 0.00263424435578152 
78 0 0.00303571969436145 
79 0 0.0034462087154763 
80 0 0.00396869201070371 
81 0 0.00442290161067949 
82 0 0.00506702463535391 
83 0 0.00581789324388127 
84 0 0.0066331046319944 
85 0 0.00749520893828193 
86 0 0.00847295214319899 
87 0 0.00953479126334678 
88 0 0.0107279065110381 
89 0 0.011742747152564 
90 0 0.0131232229628485 
91 0 0.0154263760195826 
92 0 0.0168393067065669 
93 0 0.0193957703566812 
94 0 0.0217467179709322 
95 0 0.023948884609739 
96 0 0.0260735362103992 
97 0 0.0286806924942189 
98 0 0.0314121882557479 
99 0 0.0342496060280727 
100 0 0.0371711532708581 
101 0 0.0833333333333333 
