** Period (Monthly) Age-Specific Fertility Rates for Australia in 1996 
* Retrieved from the World Population Prospects 2024 
* https://population.un.org/wpp/assets/Excel%20Files/1_Indicator%20(Standard)/CSV_FILES/WPP2024_Fertility_by_Age1.csv.gz 
* United Nations. Population Division. Department of Economic and Social Affairs 
* Data downloaded on  03 Jul 2025 17:36:54 CEST 
** NB: The original WPP annual rates have been converted into monthly rates 

birth 1 F single 0 
15 0 0 
16 0 0.000383083333333333 
17 0 0.00073125 
18 0 0.00163691666666667 
19 0 0.00236808333333333 
20 0 0.00327383333333333 
21 0 0.00399058333333333 
22 0 0.00447791666666667 
23 0 0.005276 
24 0 0.00612458333333333 
25 0 0.00725033333333333 
26 0 0.00804483333333333 
27 0 0.00918216666666667 
28 0 0.010169 
29 0 0.0107794166666667 
30 0 0.0109718333333333 
31 0 0.010519 
32 0 0.0100689166666667 
33 0 0.00901866666666667 
34 0 0.00787675 
35 0 0.0067515 
36 0 0.00562191666666667 
37 0 0.00442383333333333 
38 0 0.00353566666666667 
39 0 0.00263916666666667 
40 0 0.001927 
41 0 0.00129 
42 0 0.000837666666666667 
43 0 0.000519333333333333 
44 0 0.000284833333333333 
45 0 0.000159166666666667 
46 0 0.0000655833333333333 
47 0 0.0000280833333333333 
48 0 0.00000933333333333333 
49 0 0.00000933333333333333 
50 0 0.00000541666666666667 
101 0 0 

birth 1 F married 0 
15 0 0 
16 0 0.000383083333333333 
17 0 0.00073125 
18 0 0.00163691666666667 
19 0 0.00236808333333333 
20 0 0.00327383333333333 
21 0 0.00399058333333333 
22 0 0.00447791666666667 
23 0 0.005276 
24 0 0.00612458333333333 
25 0 0.00725033333333333 
26 0 0.00804483333333333 
27 0 0.00918216666666667 
28 0 0.010169 
29 0 0.0107794166666667 
30 0 0.0109718333333333 
31 0 0.010519 
32 0 0.0100689166666667 
33 0 0.00901866666666667 
34 0 0.00787675 
35 0 0.0067515 
36 0 0.00562191666666667 
37 0 0.00442383333333333 
38 0 0.00353566666666667 
39 0 0.00263916666666667 
40 0 0.001927 
41 0 0.00129 
42 0 0.000837666666666667 
43 0 0.000519333333333333 
44 0 0.000284833333333333 
45 0 0.000159166666666667 
46 0 0.0000655833333333333 
47 0 0.0000280833333333333 
48 0 0.00000933333333333333 
49 0 0.00000933333333333333 
50 0 0.00000541666666666667 
101 0 0 
