** Period (Monthly) Age-Specific Probabilities of Death for Australia in 1982 
* Retrieved from the World Population Prospects 2024. Single age life tables up to age 100 Medium variant 
* https://population.un.org/wpp/assets/Excel%20Files/1_Indicator%20(Standard)/CSV_FILES/WPP2024_Life_Table_Complete_Medium_Female_1950-2023.csv.gz and 
* https://population.un.org/wpp/assets/Excel%20Files/1_Indicator%20(Standard)/CSV_FILES/WPP2024_Life_Table_Complete_Medium_Male_1950-2023.csv.gz and 
* United Nations. Population Division. Department of Economic and Social Affairs 
* Data downloaded on  03 Jul 2025 17:37:20 CEST 
** NB: The original WPP annual probabilities have been converted into monthly probabilities 
** The final age interval is limited to one year [100-101) 

death 1 F single 
1 0 0.000738968523837924 
2 0 0.0000708309204254798 
3 0 0.000049165792834871 
4 0 0.0000258328366956606 
5 0 0.0000199996997872764 
6 0 0.0000191661869225479 
7 0 0.0000133334777554506 
8 0 0.0000183335152015296 
9 0 0.0000133334777554506 
10 0 0.0000125000260093877 
11 0 0.0000125000260093877 
12 0 0.0000175000176134699 
13 0 0.0000175000176134699 
14 0 0.0000149995707006134 
15 0 0.0000125000260093877 
16 0 0.0000250001039088232 
17 0 0.0000324991417722797 
18 0 0.0000266664106883807 
19 0 0.0000449986351540588 
20 0 0.0000408325021981071 
21 0 0.0000433319923137665 
22 0 0.0000358328944697339 
23 0 0.0000324991417722797 
24 0 0.0000424990992133889 
25 0 0.000047499073593138 
26 0 0.0000441657267835627 
27 0 0.0000483320125058695 
28 0 0.0000408325021981071 
29 0 0.0000416662137441293 
30 0 0.0000424990992133889 
31 0 0.0000324991417722797 
32 0 0.0000466653085511304 
33 0 0.0000449986351540588 
34 0 0.0000549983000887044 
35 0 0.000050831708836796 
36 0 0.0000574981797391017 
37 0 0.0000633312216504756 
38 0 0.0000724972335176544 
39 0 0.0000766639839228089 
40 0 0.0000833298473094102 
41 0 0.0000949954503661754 
42 0 0.00010249442502086 
43 0 0.00013832351850418 
44 0 0.000145822729980871 
45 0 0.000137490589173339 
46 0 0.000150821713331251 
47 0 0.000178317279880047 
48 0 0.000213310913978915 
49 0 0.000219975946741502 
50 0 0.000252468610669188 
51 0 0.000280794076927493 
52 0 0.00031411795098979 
53 0 0.000387425309179901 
54 0 0.000373264509197058 
55 0 0.000402419484254457 
56 0 0.000385759907367889 
57 0 0.000436572585257755 
58 0 0.000550683999625212 
59 0 0.000599822376710302 
60 0 0.000603986531206302 
61 0 0.000713915722627578 
62 0 0.000728072595985729 
63 0 0.000934573080568657 
64 0 0.000899603589362252 
65 0 0.000941233137282782 
66 0 0.00107943211961858 
67 0 0.00110357373321834 
68 0 0.00138656961014683 
69 0 0.00154052252514414 
70 0 0.00154967606996348 
71 0 0.00168363834403251 
72 0 0.00196149751601737 
73 0 0.00221267841246564 
74 0 0.00230748133872105 
75 0 0.00262925599855934 
76 0 0.00291188349445026 
77 0 0.00341546742813703 
78 0 0.00364558993347242 
79 0 0.00442456232553445 
80 0 0.0046561794397566 
81 0 0.00495830632990635 
82 0 0.00605345516101352 
83 0 0.00691249978537356 
84 0 0.00711559643402948 
85 0 0.00846549621720505 
86 0 0.00928303340970027 
87 0 0.0108711227790083 
88 0 0.0112891553482281 
89 0 0.0121582367152827 
90 0 0.0144796004048589 
91 0 0.015592733281561 
92 0 0.0178262082390642 
93 0 0.0195440783200753 
94 0 0.0203031660805787 
95 0 0.021975669545789 
96 0 0.0247377735403436 
97 0 0.0268888019547823 
98 0 0.0291377542653372 
99 0 0.0314749619635035 
100 0 0.0338888083960128 
101 0 0.0833333333333333 

death 1 M single 
1 0 0.000948011572566076 
2 0 0.0000799968545148744 
3 0 0.0000524984891835389 
4 0 0.0000483320125058695 
5 0 0.0000349992364201412 
6 0 0.0000349992364201412 
7 0 0.0000283327480117279 
8 0 0.0000308327280768017 
9 0 0.000023332994124492 
10 0 0.0000266664106883807 
11 0 0.0000250001039088232 
12 0 0.0000175000176134699 
13 0 0.000023332994124492 
14 0 0.0000366657264949666 
15 0 0.0000449986351540588 
16 0 0.000049165792834871 
17 0 0.00006916463787765 
18 0 0.0000899961995437515 
19 0 0.000140823186918437 
20 0 0.000156654068946604 
21 0 0.000149155633233922 
22 0 0.000143322924076039 
23 0 0.000124158916488093 
24 0 0.000117493396111668 
25 0 0.000132491504366894 
26 0 0.000110827530127589 
27 0 0.000129158377552785 
28 0 0.00011415998482589 
29 0 0.000113327276884068 
30 0 0.000125825372957022 
31 0 0.0000974955959988089 
32 0 0.000104161318644547 
33 0 0.000109160514256912 
34 0 0.000108327852112788 
35 0 0.000115826257990559 
36 0 0.000113327276884068 
37 0 0.000118326142219627 
38 0 0.000118326142219627 
39 0 0.00013832351850418 
40 0 0.000165819478322393 
41 0 0.000165819478322393 
42 0 0.000174151711707426 
43 0 0.000209978163241198 
44 0 0.000237471581419624 
45 0 0.000243303651093596 
46 0 0.000289958638082677 
47 0 0.000347439827735441 
48 0 0.000359935858477933 
49 0 0.000420745616906193 
50 0 0.000461561580819558 
51 0 0.00046322753486483 
52 0 0.000539855896443675 
53 0 0.000617312437092954 
54 0 0.000712250204932152 
55 0 0.000766377938629326 
56 0 0.000840486936002027 
57 0 0.000937903047878552 
58 0 0.00103198064318477 
59 0 0.00120013349034021 
60 0 0.00125756590421688 
61 0 0.00123426014687211 
62 0 0.00148976206998963 
63 0 0.00182340830702232 
64 0 0.00184087886007145 
65 0 0.00198395676954188 
66 0 0.00231330258443241 
67 0 0.00235737495266009 
68 0 0.00281380195468239 
69 0 0.00294014234724849 
70 0 0.00339802047494175 
71 0 0.00349605684741627 
72 0 0.00379593683328805 
73 0 0.00445528054472921 
74 0 0.00466115962193192 
75 0 0.00558478714068478 
76 0 0.00566940579594843 
77 0 0.00641005628821611 
78 0 0.00684617852179314 
79 0 0.00779686172417948 
80 0 0.00836111214952739 
81 0 0.00887885050196613 
82 0 0.00944121252695485 
83 0 0.0109530762078729 
84 0 0.0116765321410788 
85 0 0.0126299804981007 
86 0 0.0137753444063133 
87 0 0.0149802903618893 
88 0 0.0160256104409117 
89 0 0.0160371976306279 
90 0 0.0201415480655216 
91 0 0.0227166668515648 
92 0 0.0201108826441143 
93 0 0.0245105601833426 
94 0 0.0266674763716064 
95 0 0.0300171437404396 
96 0 0.0305345816751932 
97 0 0.032704199585789 
98 0 0.0349319106392435 
99 0 0.0372070153255737 
100 0 0.0395178513016941 
101 0 0.0833333333333333 
