** Period (Monthly) Age-Specific Fertility Rates for Australia in 2009 
* Retrieved from the World Population Prospects 2024 
* https://population.un.org/wpp/assets/Excel%20Files/1_Indicator%20(Standard)/CSV_FILES/WPP2024_Fertility_by_Age1.csv.gz 
* United Nations. Population Division. Department of Economic and Social Affairs 
* Data downloaded on  03 Jul 2025 17:36:57 CEST 
** NB: The original WPP annual rates have been converted into monthly rates 

birth 1 F single 0 
15 0 0 
16 0 0.000264583333333333 
17 0 0.00063875 
18 0 0.00135841666666667 
19 0 0.00202416666666667 
20 0 0.00303175 
21 0 0.0035915 
22 0 0.00402283333333333 
23 0 0.004771 
24 0 0.00528158333333333 
25 0 0.00598575 
26 0 0.00689166666666667 
27 0 0.00794391666666667 
28 0 0.00899616666666667 
29 0 0.009876 
30 0 0.0105574166666667 
31 0 0.0110538333333333 
32 0 0.0112516666666667 
33 0 0.0109764166666667 
34 0 0.0104086666666667 
35 0 0.00966883333333333 
36 0 0.00843991666666667 
37 0 0.0071565 
38 0 0.00584758333333333 
39 0 0.00445366666666667 
40 0 0.00344225 
41 0 0.002471 
42 0 0.00167891666666667 
43 0 0.00103316666666667 
44 0 0.000576833333333333 
45 0 0.000301333333333333 
46 0 0.00015925 
47 0 0.0000843333333333333 
48 0 0.0000375 
49 0 0.00001875 
50 0 0.00000125 
101 0 0 

birth 1 F married 0 
15 0 0 
16 0 0.000264583333333333 
17 0 0.00063875 
18 0 0.00135841666666667 
19 0 0.00202416666666667 
20 0 0.00303175 
21 0 0.0035915 
22 0 0.00402283333333333 
23 0 0.004771 
24 0 0.00528158333333333 
25 0 0.00598575 
26 0 0.00689166666666667 
27 0 0.00794391666666667 
28 0 0.00899616666666667 
29 0 0.009876 
30 0 0.0105574166666667 
31 0 0.0110538333333333 
32 0 0.0112516666666667 
33 0 0.0109764166666667 
34 0 0.0104086666666667 
35 0 0.00966883333333333 
36 0 0.00843991666666667 
37 0 0.0071565 
38 0 0.00584758333333333 
39 0 0.00445366666666667 
40 0 0.00344225 
41 0 0.002471 
42 0 0.00167891666666667 
43 0 0.00103316666666667 
44 0 0.000576833333333333 
45 0 0.000301333333333333 
46 0 0.00015925 
47 0 0.0000843333333333333 
48 0 0.0000375 
49 0 0.00001875 
50 0 0.00000125 
101 0 0 
