** Period (Monthly) Age-Specific Fertility Rates for Australia in 2017 
* Retrieved from the World Population Prospects 2024 
* https://population.un.org/wpp/assets/Excel%20Files/1_Indicator%20(Standard)/CSV_FILES/WPP2024_Fertility_by_Age1.csv.gz 
* United Nations. Population Division. Department of Economic and Social Affairs 
* Data downloaded on  03 Jul 2025 17:36:59 CEST 
** NB: The original WPP annual rates have been converted into monthly rates 

birth 1 F single 0 
15 0 0 
16 0 0.00009925 
17 0 0.000290666666666667 
18 0 0.00067425 
19 0 0.00124141666666667 
20 0 0.00186841666666667 
21 0 0.00251341666666667 
22 0 0.00308041666666667 
23 0 0.00357408333333333 
24 0 0.004082 
25 0 0.00465175 
26 0 0.005394 
27 0 0.00634125 
28 0 0.00742058333333333 
29 0 0.00856108333333333 
30 0 0.00951391666666667 
31 0 0.0101980833333333 
32 0 0.0104173333333333 
33 0 0.0101934166666667 
34 0 0.00973375 
35 0 0.009073 
36 0 0.00817808333333333 
37 0 0.00703825 
38 0 0.0058915 
39 0 0.00478341666666667 
40 0 0.00370175 
41 0 0.00258625 
42 0 0.00174308333333333 
43 0 0.00108508333333333 
44 0 0.000625333333333333 
45 0 0.000350333333333333 
46 0 0.000239833333333333 
47 0 0.000137333333333333 
48 0 0.0000720833333333333 
49 0 0.0000284166666666667 
50 0 0.00000575 
101 0 0 

birth 1 F married 0 
15 0 0 
16 0 0.00009925 
17 0 0.000290666666666667 
18 0 0.00067425 
19 0 0.00124141666666667 
20 0 0.00186841666666667 
21 0 0.00251341666666667 
22 0 0.00308041666666667 
23 0 0.00357408333333333 
24 0 0.004082 
25 0 0.00465175 
26 0 0.005394 
27 0 0.00634125 
28 0 0.00742058333333333 
29 0 0.00856108333333333 
30 0 0.00951391666666667 
31 0 0.0101980833333333 
32 0 0.0104173333333333 
33 0 0.0101934166666667 
34 0 0.00973375 
35 0 0.009073 
36 0 0.00817808333333333 
37 0 0.00703825 
38 0 0.0058915 
39 0 0.00478341666666667 
40 0 0.00370175 
41 0 0.00258625 
42 0 0.00174308333333333 
43 0 0.00108508333333333 
44 0 0.000625333333333333 
45 0 0.000350333333333333 
46 0 0.000239833333333333 
47 0 0.000137333333333333 
48 0 0.0000720833333333333 
49 0 0.0000284166666666667 
50 0 0.00000575 
101 0 0 
