** Period (Monthly) Age-Specific Probabilities of Death for Australia in 1953 
* Retrieved from the World Population Prospects 2024. Single age life tables up to age 100 Medium variant 
* https://population.un.org/wpp/assets/Excel%20Files/1_Indicator%20(Standard)/CSV_FILES/WPP2024_Life_Table_Complete_Medium_Female_1950-2023.csv.gz and 
* https://population.un.org/wpp/assets/Excel%20Files/1_Indicator%20(Standard)/CSV_FILES/WPP2024_Life_Table_Complete_Medium_Male_1950-2023.csv.gz and 
* United Nations. Population Division. Department of Economic and Social Affairs 
* Data downloaded on  03 Jul 2025 17:37:02 CEST 
** NB: The original WPP annual probabilities have been converted into monthly probabilities 
** The final age interval is limited to one year [100-101) 

death 1 F single 
1 0 0.0017481251223409 
2 0 0.000215810139575057 
3 0 0.000117493396111668 
4 0 0.0000799968545148744 
5 0 0.0000708309204254798 
6 0 0.0000658313304726654 
7 0 0.000047499073593138 
8 0 0.0000416662137441293 
9 0 0.0000433319923137665 
10 0 0.0000274999923247643 
11 0 0.0000250001039088232 
12 0 0.0000299999494883796 
13 0 0.0000283327480117279 
14 0 0.0000299999494883796 
15 0 0.0000266664106883807 
16 0 0.0000466653085511304 
17 0 0.0000433319923137665 
18 0 0.0000566651568346677 
19 0 0.0000708309204254798 
20 0 0.000060831181586618 
21 0 0.0000583320441455148 
22 0 0.0000708309204254798 
23 0 0.0000633312216504756 
24 0 0.0000616650765675741 
25 0 0.0000574981797391017 
26 0 0.0000716640731535101 
27 0 0.0000683306740973944 
28 0 0.0000783304039441157 
29 0 0.0000833298473094102 
30 0 0.0000766639839228089 
31 0 0.0000758307853678808 
32 0 0.0000849963895356298 
33 0 0.000104161318644547 
34 0 0.0000908295279488103 
35 0 0.000105827408531933 
36 0 0.000113327276884068 
37 0 0.000117493396111668 
38 0 0.000129991230535031 
39 0 0.000159154241516912 
40 0 0.00020081331119326 
41 0 0.000150821713331251 
42 0 0.000184149730071081 
43 0 0.000246636788480359 
44 0 0.000230806936496686 
45 0 0.000226641468296762 
46 0 0.000307452700282873 
47 0 0.000351604980400877 
48 0 0.000359935858477933 
49 0 0.000391590621106941 
50 0 0.000418246609500184 
51 0 0.000527362760799233 
52 0 0.00043407314256505 
53 0 0.000577335549783897 
54 0 0.000685601875497932 
55 0 0.000581499512432693 
56 0 0.000607317824441567 
57 0 0.000658120287933106 
58 0 0.000847981239374573 
59 0 0.000899603589362252 
60 0 0.000999512203466391 
61 0 0.000986191611061726 
62 0 0.00104113784889737 
63 0 0.00124424880297924 
64 0 0.00148560114952079 
65 0 0.00154551579274287 
66 0 0.00170859843599436 
67 0 0.00177515685490526 
68 0 0.00189162341605897 
69 0 0.00215612595831327 
70 0 0.00257438588566217 
71 0 0.00279551478496731 
72 0 0.0026716541995252 
73 0 0.00367964807412013 
74 0 0.00403014722541062 
75 0 0.00397533576026732 
76 0 0.0049549872840452 
77 0 0.00541719629719484 
78 0 0.00549767540234802 
79 0 0.00694648936294451 
80 0 0.00737088945589504 
81 0 0.00751178435817457 
82 0 0.0078507242459086 
83 0 0.00943375928467927 
84 0 0.0110515843800104 
85 0 0.0111318796655027 
86 0 0.0132531517228854 
87 0 0.0151391906341247 
88 0 0.014340570439232 
89 0 0.0176688825261254 
90 0 0.0183686250356012 
91 0 0.0188117409581482 
92 0 0.0197943158213968 
93 0 0.0247092006461591 
94 0 0.0298918044612186 
95 0 0.0284592363505678 
96 0 0.0305969662935315 
97 0 0.0328959262980528 
98 0 0.0352588921218459 
99 0 0.0376730539202775 
100 0 0.0401244356181899 
101 0 0.0833333333333333 

death 1 M single 
1 0 0.00216904839399057 
2 0 0.000224974833229918 
3 0 0.000146655735667411 
4 0 0.000108327852112788 
5 0 0.0000858296721063523 
6 0 0.0000674975519204812 
7 0 0.0000783304039441157 
8 0 0.0000524984891835389 
9 0 0.0000649982312016517 
10 0 0.0000541653000921682 
11 0 0.0000549983000887044 
12 0 0.000047499073593138 
13 0 0.000050831708836796 
14 0 0.0000524984891835389 
15 0 0.0000816633356361951 
16 0 0.0000949954503661754 
17 0 0.0000924953734962042 
18 0 0.000125825372957022 
19 0 0.000142489948931956 
20 0 0.000181650539875733 
21 0 0.000154987881941571 
22 0 0.000164986296992242 
23 0 0.000177483983980542 
24 0 0.000129158377552785 
25 0 0.000159987369389158 
26 0 0.000129991230535031 
27 0 0.000129158377552785 
28 0 0.000139990234681586 
29 0 0.000145822729980871 
30 0 0.000144989731928336 
31 0 0.000134157279044644 
32 0 0.000128325532201545 
33 0 0.000144989731928336 
34 0 0.000141656981421323 
35 0 0.000187482368914638 
36 0 0.000179150583419108 
37 0 0.00016665266728999 
38 0 0.00018664898898646 
39 0 0.000248302985207616 
40 0 0.000254968077593176 
41 0 0.000252468610669188 
42 0 0.000221642490145002 
43 0 0.000362434936167055 
44 0 0.000359102568975977 
45 0 0.000361601623749541 
46 0 0.000408250429974832 
47 0 0.000426576901462195 
48 0 0.00048155169449271 
49 0 0.000593159623198281 
50 0 0.000656454114076999 
51 0 0.00068893280409954 
52 0 0.000694762852840758 
53 0 0.000939568498315668 
54 0 0.00111106531431671 
55 0 0.00100950287678425 
56 0 0.00104530036712402 
57 0 0.00128836189389048 
58 0 0.00138157661668892 
59 0 0.00159960155368211 
60 0 0.00187415415038206 
61 0 0.00199393798399317 
62 0 0.00183505553554264 
63 0 0.00219188776621326 
64 0 0.00248292976911835 
65 0 0.00284455733332389 
66 0 0.00313295232982802 
67 0 0.00283042665180266 
68 0 0.0035317803308712 
69 0 0.00370789047704445 
70 0 0.00395872599452263 
71 0 0.00449097914360164 
72 0 0.00449263935684197 
73 0 0.00550099406018978 
74 0 0.00618366472011633 
75 0 0.00640591076390595 
76 0 0.00697881940136424 
77 0 0.00780514819905009 
78 0 0.00754576402663543 
79 0 0.0090726662968531 
80 0 0.00914886419613736 
81 0 0.00987098968848199 
82 0 0.0097567192586353 
83 0 0.0114886408637833 
84 0 0.0141022312113653 
85 0 0.0146947721275177 
86 0 0.0156572918012842 
87 0 0.0188034570576477 
88 0 0.0185259851321441 
89 0 0.0188722089013734 
90 0 0.0231126218633224 
91 0 0.0243393730447971 
92 0 0.0168922885942182 
93 0 0.0213734924826566 
94 0 0.0341043595586524 
95 0 0.0307737592050636 
96 0 0.030877648335478 
97 0 0.0326915419629008 
98 0 0.0345459178181871 
99 0 0.0364346144820287 
100 0 0.0383509921473119 
101 0 0.0833333333333333 
