** Period (Monthly) Age-Specific Probabilities of Death for Australia in 2006 
* Retrieved from the World Population Prospects 2024. Single age life tables up to age 100 Medium variant 
* https://population.un.org/wpp/assets/Excel%20Files/1_Indicator%20(Standard)/CSV_FILES/WPP2024_Life_Table_Complete_Medium_Female_1950-2023.csv.gz and 
* https://population.un.org/wpp/assets/Excel%20Files/1_Indicator%20(Standard)/CSV_FILES/WPP2024_Life_Table_Complete_Medium_Male_1950-2023.csv.gz and 
* United Nations. Population Division. Department of Economic and Social Affairs 
* Data downloaded on  03 Jul 2025 17:37:35 CEST 
** NB: The original WPP annual probabilities have been converted into monthly probabilities 
** The final age interval is limited to one year [100-101) 

death 1 F single 
1 0 0.000351902797384063 
2 0 0.0000324991417722797 
3 0 0.0000166665276674083 
4 0 0.00000999971661719279 
5 0 0.00000916629543457059 
6 0 0.00000916629543457059 
7 0 0.00000999971661719279 
8 0 0.00000750030939278279 
9 0 0.00000750030939278279 
10 0 0.00000583352049443597 
11 0 0.00000416676215586609 
12 0 0.00000583352049443597 
13 0 0.00000750030939278279 
14 0 0.00000833371530217786 
15 0 0.00000750030939278279 
16 0 0.0000133334777554506 
17 0 0.0000216667484441713 
18 0 0.0000258328366956606 
19 0 0.0000241665451951034 
20 0 0.0000274999923247643 
21 0 0.0000224994506968779 
22 0 0.0000224994506968779 
23 0 0.0000283327480117279 
24 0 0.0000258328366956606 
25 0 0.000031666347917958 
26 0 0.0000283327480117279 
27 0 0.0000208332202944472 
28 0 0.0000274999923247643 
29 0 0.0000258328366956606 
30 0 0.0000341664196621405 
31 0 0.0000283327480117279 
32 0 0.0000358328944697339 
33 0 0.0000358328944697339 
34 0 0.0000324991417722797 
35 0 0.0000349992364201412 
36 0 0.0000433319923137665 
37 0 0.0000458323849097386 
38 0 0.000047499073593138 
39 0 0.0000649982312016517 
40 0 0.0000616650765675741 
41 0 0.0000699977753336745 
42 0 0.0000749975944498438 
43 0 0.0000758307853678808 
44 0 0.0000774971901148502 
45 0 0.0000949954503661754 
46 0 0.0000974955959988089 
47 0 0.000113327276884068 
48 0 0.000129991230535031 
49 0 0.00013915729007774 
50 0 0.000148322604637041 
51 0 0.000156654068946604 
52 0 0.000156654068946604 
53 0 0.00017498497705748 
54 0 0.000201646821004209 
55 0 0.000214143703108904 
56 0 0.000228307298496433 
57 0 0.000257466777560111 
58 0 0.000259133172844983 
59 0 0.000316616605266495 
60 0 0.000322448738340642 
61 0 0.000327446573727297 
62 0 0.000384093699213994 
63 0 0.000450733205219489 
64 0 0.000480718964532501 
65 0 0.000534025720356324 
66 0 0.000528195918345298 
67 0 0.000648126221020506 
68 0 0.000672277703208102 
69 0 0.000721410510167386 
70 0 0.000845483069546127 
71 0 0.000917920866138622 
72 0 0.00108858905138298 
73 0 0.00116766987993711 
74 0 0.00125423686824522 
75 0 0.00150723713830214 
76 0 0.00166283785173982 
77 0 0.00186749930695984 
78 0 0.00209957121392668 
79 0 0.00244800845324633 
80 0 0.00272485803242606 
81 0 0.00304070634106712 
82 0 0.0036671879015534 
83 0 0.00416799699385961 
84 0 0.00457980741670849 
85 0 0.00547195550770652 
86 0 0.00602359647778139 
87 0 0.00704347910657832 
88 0 0.00824760973139438 
89 0 0.00933934946659509 
90 0 0.010025829300935 
91 0 0.0116185930232161 
92 0 0.0135519032582486 
93 0 0.0157359193122232 
94 0 0.0172549003089351 
95 0 0.0184605558626323 
96 0 0.0212672090575423 
97 0 0.023664170533213 
98 0 0.0262208809133875 
99 0 0.0289252384268134 
100 0 0.0317607246929116 
101 0 0.0833333333333333 

death 1 M single 
1 0 0.000446534196321013 
2 0 0.0000283327480117279 
3 0 0.0000208332202944472 
4 0 0.0000125000260093877 
5 0 0.0000116665819044348 
6 0 0.0000108331454403698 
7 0 0.00000999971661719279 
8 0 0.00000833371530217786 
9 0 0.00000666691112360951 
10 0 0.00000999971661719279 
11 0 0.00000500013750526218 
12 0 0.00000999971661719279 
13 0 0.0000125000260093877 
14 0 0.0000158330453632338 
15 0 0.0000125000260093877 
16 0 0.0000199996997872764 
17 0 0.0000216667484441713 
18 0 0.0000458323849097386 
19 0 0.0000699977753336745 
20 0 0.0000583320441455148 
21 0 0.00006916463787765 
22 0 0.0000641643056439323 
23 0 0.0000641643056439323 
24 0 0.0000649982312016517 
25 0 0.0000766639839228089 
26 0 0.0000549983000887044 
27 0 0.0000649982312016517 
28 0 0.0000741635771550619 
29 0 0.0000633312216504756 
30 0 0.0000733304015181346 
31 0 0.0000699977753336745 
32 0 0.0000908295279488103 
33 0 0.0000833298473094102 
34 0 0.0000933287248128245 
35 0 0.0000891628787780263 
36 0 0.0000941620837694446 
37 0 0.00010249442502086 
38 0 0.0000933287248128245 
39 0 0.000095828824603239 
40 0 0.000107494363276728 
41 0 0.000129158377552785 
42 0 0.000109994018370752 
43 0 0.000141656981421323 
44 0 0.000153321725478772 
45 0 0.000152488658700212 
46 0 0.000175818250046644 
47 0 0.000188315756484148 
48 0 0.000194148013207274 
49 0 0.000210810921834836 
50 0 0.00022997399467295 
51 0 0.000250802337573464 
52 0 0.000254968077593176 
53 0 0.000284126917669214 
54 0 0.00033327856547638 
55 0 0.000338276160053774 
56 0 0.000389091578421707 
57 0 0.00037576311666998 
58 0 0.000423244693038338 
59 0 0.000492380392081548 
60 0 0.000580666704635968 
61 0 0.000577335549783897 
62 0 0.000678106683181912 
63 0 0.000701424664245387 
64 0 0.000804682625850317 
65 0 0.000905432025227415 
66 0 0.000967875722270528 
67 0 0.00109358367059353 
68 0 0.00120263045742763 
69 0 0.00131665970386097 
70 0 0.00146562935324757 
71 0 0.00165035729840091 
72 0 0.0017809797360645 
73 0 0.00193155254516642 
74 0 0.00222016390438606 
75 0 0.00243221038320562 
76 0 0.00285536296571465 
77 0 0.00312796664290638 
78 0 0.00357082547263632 
79 0 0.00389892769272393 
80 0 0.00429337926117257 
81 0 0.00508777192618415 
82 0 0.00581789324388127 
83 0 0.00633127826576951 
84 0 0.00719517209646758 
85 0 0.00801727499297167 
86 0 0.00865354397933782 
87 0 0.010400893343892 
88 0 0.0115143001165469 
89 0 0.0123750762711002 
90 0 0.0142031934993565 
91 0 0.0154652751619457 
92 0 0.0179727770531807 
93 0 0.01994762201947 
94 0 0.0219292124370941 
95 0 0.0239189789271894 
96 0 0.0263625466957188 
97 0 0.0288702032027213 
98 0 0.0314907622124843 
99 0 0.0342079025183319 
100 0 0.0370024774256641 
101 0 0.0833333333333333 
