** Period (Monthly) Age-Specific Probabilities of Death for Australia in 2016 
* Retrieved from the World Population Prospects 2024. Single age life tables up to age 100 Medium variant 
* https://population.un.org/wpp/assets/Excel%20Files/1_Indicator%20(Standard)/CSV_FILES/WPP2024_Life_Table_Complete_Medium_Female_1950-2023.csv.gz and 
* https://population.un.org/wpp/assets/Excel%20Files/1_Indicator%20(Standard)/CSV_FILES/WPP2024_Life_Table_Complete_Medium_Male_1950-2023.csv.gz and 
* United Nations. Population Division. Department of Economic and Social Affairs 
* Data downloaded on  03 Jul 2025 17:37:41 CEST 
** NB: The original WPP annual probabilities have been converted into monthly probabilities 
** The final age interval is limited to one year [100-101) 

death 1 F single 
1 0 0.000229747589538754 
2 0 0.0000224994506968779 
3 0 0.00000916629543457059 
4 0 0.00000750030939278279 
5 0 0.00000833371530217786 
6 0 0.00000833371530217786 
7 0 0.00000500013750526218 
8 0 0.00000333339444602565 
9 0 0.000000833337152839064 
10 0 0.00000500013750526218 
11 0 0.00000250003437562984 
12 0 0.00000333339444602565 
13 0 0.00000500013750526218 
14 0 0.00000583352049443597 
15 0 0.00000916629543457059 
16 0 0.00000916629543457059 
17 0 0.0000149995707006134 
18 0 0.0000133334777554506 
19 0 0.0000175000176134699 
20 0 0.0000166665276674083 
21 0 0.0000241665451951034 
22 0 0.0000158330453632338 
23 0 0.0000224994506968779 
24 0 0.0000166665276674083 
25 0 0.0000208332202944472 
26 0 0.0000224994506968779 
27 0 0.0000258328366956606 
28 0 0.0000216667484441713 
29 0 0.000023332994124492 
30 0 0.0000258328366956606 
31 0 0.0000333327768948788 
32 0 0.0000416662137441293 
33 0 0.0000349992364201412 
34 0 0.0000341664196621405 
35 0 0.0000449986351540588 
36 0 0.0000466653085511304 
37 0 0.0000424990992133889 
38 0 0.000047499073593138 
39 0 0.0000599981281388384 
40 0 0.000050831708836796 
41 0 0.0000649982312016517 
42 0 0.0000649982312016517 
43 0 0.00006916463787765 
44 0 0.0000891628787780263 
45 0 0.000104161318644547 
46 0 0.000105827408531933 
47 0 0.000109160514256912 
48 0 0.000104994776919165 
49 0 0.000124158916488093 
50 0 0.000132491504366894 
51 0 0.000129158377552785 
52 0 0.000168319068138079 
53 0 0.00016665266728999 
54 0 0.000183316380698795 
55 0 0.000211644523334331 
56 0 0.000215810139575057 
57 0 0.000241637546014029 
58 0 0.000245803701571234 
59 0 0.000270797123780198 
60 0 0.000289125153974834 
61 0 0.00033327856547638 
62 0 0.000344941162365831 
63 0 0.000355770323975602 
64 0 0.000409917081119038 
65 0 0.000406584646466923 
66 0 0.000467392134796407 
67 0 0.000506539656609073 
68 0 0.000574837263792261 
69 0 0.000630637780442034 
70 0 0.000752221817015952 
71 0 0.000778035748481676 
72 0 0.000867964023889778 
73 0 0.000969540880152997 
74 0 0.0011177248289328 
75 0 0.001235092211332 
76 0 0.0014623011476943 
77 0 0.0014989155803703 
78 0 0.00174853374583039 
79 0 0.00206131136095222 
80 0 0.00230415544666085 
81 0 0.00261346062960455 
82 0 0.00303738187944502 
83 0 0.00349190243815856 
84 0 0.00382417728316065 
85 0 0.00473918696701137 
86 0 0.00531348091433126 
87 0 0.00607170159653692 
88 0 0.00698545134296336 
89 0 0.00825920870943564 
90 0 0.00951325995742858 
91 0 0.0107891669804159 
92 0 0.0125414273615787 
93 0 0.0144183605940658 
94 0 0.0164618278905431 
95 0 0.0185442069557629 
96 0 0.0209068391374012 
97 0 0.023519532317929 
98 0 0.0263254664551648 
99 0 0.0293086722392648 
100 0 0.0324467676781302 
101 0 0.0833333333333333 

death 1 M single 
1 0 0.00027879459832536 
2 0 0.0000224994506968779 
3 0 0.0000149995707006134 
4 0 0.0000116665819044348 
5 0 0.00000999971661719279 
6 0 0.00000583352049443597 
7 0 0.00000583352049443597 
8 0 0.00000916629543457059 
9 0 0.00000666691112360951 
10 0 0.00000666691112360951 
11 0 0.00000583352049443597 
12 0 0.00000666691112360951 
13 0 0.00000999971661719279 
14 0 0.0000125000260093877 
15 0 0.0000116665819044348 
16 0 0.0000125000260093877 
17 0 0.0000241665451951034 
18 0 0.0000374993998274453 
19 0 0.0000399987982981909 
20 0 0.000039165935736496 
21 0 0.0000458323849097386 
22 0 0.0000441657267835627 
23 0 0.0000566651568346677 
24 0 0.0000558321415637941 
25 0 0.0000524984891835389 
26 0 0.0000583320441455148 
27 0 0.0000433319923137665 
28 0 0.0000633312216504756 
29 0 0.0000549983000887044 
30 0 0.0000583320441455148 
31 0 0.0000724972335176544 
32 0 0.0000541653000921682 
33 0 0.0000674975519204812 
34 0 0.0000683306740973944 
35 0 0.0000833298473094102 
36 0 0.0000833298473094102 
37 0 0.0000874962601642437 
38 0 0.000105827408531933 
39 0 0.0000858296721063523 
40 0 0.000100828396221719 
41 0 0.000112493742205344 
42 0 0.000128325532201545 
43 0 0.000134991012402996 
44 0 0.000136657667474838 
45 0 0.000141656981421323 
46 0 0.000153321725478772 
47 0 0.000174151711707426 
48 0 0.000183316380698795 
49 0 0.000213310913978915 
50 0 0.000214977335175948 
51 0 0.000224141944852319 
52 0 0.00025829997138338 
53 0 0.000273296258978428 
54 0 0.000311618529213575 
55 0 0.000334111618221278 
56 0 0.000358269287114688 
57 0 0.000377429172085941 
58 0 0.000417413622303409 
59 0 0.000448234210452481 
60 0 0.000502374937995431 
61 0 0.000545686446657423 
62 0 0.000587330219499305 
63 0 0.000619811052301689 
64 0 0.000677274668487549 
65 0 0.00076304753064127 
66 0 0.000809678471972441 
67 0 0.000880453603786746 
68 0 0.000926246591717805 
69 0 0.00103780746593629 
70 0 0.00120346307653119 
71 0 0.00129585267655186 
72 0 0.00140487875632078 
73 0 0.00158628845885789 
74 0 0.00181675293320405 
75 0 0.0020396860620886 
76 0 0.00215695798414772 
77 0 0.00253281634217384 
78 0 0.00274563982795406 
79 0 0.00313129097876663 
80 0 0.00342709944324515 
81 0 0.00400523300613664 
82 0 0.00463874701357669 
83 0 0.00517822509917587 
84 0 0.00565115524707183 
85 0 0.00658750199726799 
86 0 0.00737088945589504 
87 0 0.00864111761138797 
88 0 0.00955218134728497 
89 0 0.0107610208042088 
90 0 0.012668879181048 
91 0 0.0139226504242803 
92 0 0.015828619129172 
93 0 0.0174660260025484 
94 0 0.0199028724008459 
95 0 0.0225896862582582 
96 0 0.0246420049295107 
97 0 0.0272564038313443 
98 0 0.0300123815471239 
99 0 0.0328917703133822 
100 0 0.0358723221662581 
101 0 0.0833333333333333 
