** Period (Monthly) Age-Specific Probabilities of Death for Australia in 1984 
* Retrieved from the World Population Prospects 2024. Single age life tables up to age 100 Medium variant 
* https://population.un.org/wpp/assets/Excel%20Files/1_Indicator%20(Standard)/CSV_FILES/WPP2024_Life_Table_Complete_Medium_Female_1950-2023.csv.gz and 
* https://population.un.org/wpp/assets/Excel%20Files/1_Indicator%20(Standard)/CSV_FILES/WPP2024_Life_Table_Complete_Medium_Male_1950-2023.csv.gz and 
* United Nations. Population Division. Department of Economic and Social Affairs 
* Data downloaded on  03 Jul 2025 17:37:21 CEST 
** NB: The original WPP annual probabilities have been converted into monthly probabilities 
** The final age interval is limited to one year [100-101) 

death 1 F single 
1 0 0.000681050279685125 
2 0 0.0000533323077286374 
3 0 0.0000333327768948788 
4 0 0.000031666347917958 
5 0 0.0000183335152015296 
6 0 0.0000158330453632338 
7 0 0.0000149995707006134 
8 0 0.0000133334777554506 
9 0 0.0000149995707006134 
10 0 0.0000166665276674083 
11 0 0.0000125000260093877 
12 0 0.0000166665276674083 
13 0 0.0000141669371428454 
14 0 0.0000166665276674083 
15 0 0.0000158330453632338 
16 0 0.0000283327480117279 
17 0 0.0000308327280768017 
18 0 0.000029166344928 
19 0 0.0000449986351540588 
20 0 0.0000524984891835389 
21 0 0.000047499073593138 
22 0 0.0000466653085511304 
23 0 0.000038332247120576 
24 0 0.0000374993998274453 
25 0 0.0000408325021981071 
26 0 0.0000349992364201412 
27 0 0.0000416662137441293 
28 0 0.0000416662137441293 
29 0 0.0000458323849097386 
30 0 0.0000441657267835627 
31 0 0.0000441657267835627 
32 0 0.0000533323077286374 
33 0 0.0000458323849097386 
34 0 0.0000466653085511304 
35 0 0.0000466653085511304 
36 0 0.0000641643056439323 
37 0 0.0000616650765675741 
38 0 0.0000716640731535101 
39 0 0.0000674975519204812 
40 0 0.00011166021516984 
41 0 0.0000874962601642437 
42 0 0.00010249442502086 
43 0 0.000125825372957022 
44 0 0.000151655599556766 
45 0 0.000133324387889933 
46 0 0.000159154241516912 
47 0 0.000182483038966952 
48 0 0.000190815129957 
49 0 0.000194981461896671 
50 0 0.000218309433895225 
51 0 0.000251635470302713 
52 0 0.000255800412828022 
53 0 0.000319116164507083 
54 0 0.000372431097468984 
55 0 0.000384093699213994 
56 0 0.000408250429974832 
57 0 0.000407417534403987 
58 0 0.000496544652611952 
59 0 0.000534025720356324 
60 0 0.000554015015893694 
61 0 0.000653123536722089 
62 0 0.000679772414610591 
63 0 0.000758050887116557 
64 0 0.000854641679092105 
65 0 0.00105029513504096 
66 0 0.00104030503097474 
67 0 0.00116933532886665 
68 0 0.00125090710944298 
69 0 0.00137824726086544 
70 0 0.00154218719969079 
71 0 0.00182756773841208 
72 0 0.0018575166810354 
73 0 0.00206214337010513 
74 0 0.00245382930840765 
75 0 0.0024513344881405 
76 0 0.00269326848836038 
77 0 0.0031487418606132 
78 0 0.00352513351819272 
79 0 0.00383082173863636 
80 0 0.00463044599445883 
81 0 0.00490435942913359 
82 0 0.00541636650529098 
83 0 0.00636776566644082 
84 0 0.00742310432338245 
85 0 0.00860549745677319 
86 0 0.00842573162999571 
87 0 0.00975092261945376 
88 0 0.0108413209099604 
89 0 0.0115101609402023 
90 0 0.0135386620031778 
91 0 0.0144291197143587 
92 0 0.0156953631986136 
93 0 0.0167416224277097 
94 0 0.0197852009151062 
95 0 0.0206886137509785 
96 0 0.0228459997515755 
97 0 0.0248661061751154 
98 0 0.0269880245857658 
99 0 0.0292043836093684 
100 0 0.0315058992733035 
101 0 0.0833333333333333 

death 1 M single 
1 0 0.000892700006906111 
2 0 0.0000749975944498438 
3 0 0.0000549983000887044 
4 0 0.000038332247120576 
5 0 0.0000283327480117279 
6 0 0.0000175000176134699 
7 0 0.0000250001039088232 
8 0 0.0000258328366956606 
9 0 0.0000183335152015296 
10 0 0.0000141669371428454 
11 0 0.0000224994506968779 
12 0 0.0000241665451951034 
13 0 0.000023332994124492 
14 0 0.0000333327768948788 
15 0 0.0000333327768948788 
16 0 0.0000358328944697339 
17 0 0.0000633312216504756 
18 0 0.0000991615637143672 
19 0 0.000109994018370752 
20 0 0.000124992558143577 
21 0 0.000132491504366894 
22 0 0.000133324387889933 
23 0 0.000120826095202364 
24 0 0.000127491859978179 
25 0 0.000113327276884068 
26 0 0.00011166021516984 
27 0 0.0000883295656515237 
28 0 0.000095828824603239 
29 0 0.000108327852112788 
30 0 0.00010249442502086 
31 0 0.000120826095202364 
32 0 0.0000949954503661754 
33 0 0.0000983281589223006 
34 0 0.00012665902989617 
35 0 0.000104161318644547 
36 0 0.000105827408531933 
37 0 0.0000949954503661754 
38 0 0.000118326142219627 
39 0 0.000113327276884068 
40 0 0.000159154241516912 
41 0 0.000167485863895145 
42 0 0.000178317279880047 
43 0 0.000190815129957 
44 0 0.000223308228723851 
45 0 0.000239971471476252 
46 0 0.000262466055078403 
47 0 0.000279960676862756 
48 0 0.00032161495620997 
49 0 0.000374930518804995 
50 0 0.000373264509197058 
51 0 0.00046905819574361 
52 0 0.000455730563418077 
53 0 0.000573170939355494 
54 0 0.000633968372724114 
55 0 0.00070642155336853 
56 0 0.000718912458933629 
57 0 0.000912925797100672 
58 0 0.000992852084288565 
59 0 0.00112438483197108 
60 0 0.00124091941044346 
61 0 0.00131749252380975 
62 0 0.00133247359600552 
63 0 0.00160875427294227 
64 0 0.00179345956821164 
65 0 0.00189578257196499 
66 0 0.00195484307537841 
67 0 0.00221933215255588 
68 0 0.00253530997745233 
69 0 0.00254861309504606 
70 0 0.00308059732571742 
71 0 0.00331576354466578 
72 0 0.00370373675779845 
73 0 0.0041522198444286 
74 0 0.00452750736826157 
75 0 0.00488941995246917 
76 0 0.00528692821243648 
77 0 0.00595475540071355 
78 0 0.00628318125308291 
79 0 0.00686193042253869 
80 0 0.00782255018499245 
81 0 0.00830643339541914 
82 0 0.008805130779311 
83 0 0.00964492898648928 
84 0 0.0114257332604385 
85 0 0.0123676281164138 
86 0 0.0125141157875949 
87 0 0.0139334085388979 
88 0 0.0160280929993765 
89 0 0.0157160550841364 
90 0 0.019281439801566 
91 0 0.0195424216886784 
92 0 0.0197172531821308 
93 0 0.0235510355634417 
94 0 0.0257062158585036 
95 0 0.0244357669542735 
96 0 0.0281692206408244 
97 0 0.0301308007252882 
98 0 0.032153428397812 
99 0 0.0342294296024163 
100 0 0.0363502166276417 
101 0 0.0833333333333333 
