** Period (Monthly) Age-Specific Fertility Rates for Australia in 2018 
* Retrieved from the World Population Prospects 2024 
* https://population.un.org/wpp/assets/Excel%20Files/1_Indicator%20(Standard)/CSV_FILES/WPP2024_Fertility_by_Age1.csv.gz 
* United Nations. Population Division. Department of Economic and Social Affairs 
* Data downloaded on  03 Jul 2025 17:36:59 CEST 
** NB: The original WPP annual rates have been converted into monthly rates 

birth 1 F single 0 
15 0 0 
16 0 0.0000845 
17 0 0.000253833333333333 
18 0 0.000620833333333333 
19 0 0.0011815 
20 0 0.0018165 
21 0 0.00248191666666667 
22 0 0.00305941666666667 
23 0 0.00355091666666667 
24 0 0.00404733333333333 
25 0 0.00459916666666667 
26 0 0.00532608333333333 
27 0 0.00626466666666667 
28 0 0.0073445 
29 0 0.00849466666666667 
30 0 0.00946341666666667 
31 0 0.0101694166666667 
32 0 0.0104094166666667 
33 0 0.0102045 
34 0 0.00975866666666667 
35 0 0.00910666666666667 
36 0 0.0082175 
37 0 0.00708491666666667 
38 0 0.00594366666666667 
39 0 0.00483933333333333 
40 0 0.00376083333333333 
41 0 0.002652 
42 0 0.00180358333333333 
43 0 0.00113558333333333 
44 0 0.000664 
45 0 0.0003765 
46 0 0.000250416666666667 
47 0 0.000139916666666667 
48 0 0.0000700833333333333 
49 0 0.0000254166666666667 
50 0 0.00000341666666666667 
101 0 0 

birth 1 F married 0 
15 0 0 
16 0 0.0000845 
17 0 0.000253833333333333 
18 0 0.000620833333333333 
19 0 0.0011815 
20 0 0.0018165 
21 0 0.00248191666666667 
22 0 0.00305941666666667 
23 0 0.00355091666666667 
24 0 0.00404733333333333 
25 0 0.00459916666666667 
26 0 0.00532608333333333 
27 0 0.00626466666666667 
28 0 0.0073445 
29 0 0.00849466666666667 
30 0 0.00946341666666667 
31 0 0.0101694166666667 
32 0 0.0104094166666667 
33 0 0.0102045 
34 0 0.00975866666666667 
35 0 0.00910666666666667 
36 0 0.0082175 
37 0 0.00708491666666667 
38 0 0.00594366666666667 
39 0 0.00483933333333333 
40 0 0.00376083333333333 
41 0 0.002652 
42 0 0.00180358333333333 
43 0 0.00113558333333333 
44 0 0.000664 
45 0 0.0003765 
46 0 0.000250416666666667 
47 0 0.000139916666666667 
48 0 0.0000700833333333333 
49 0 0.0000254166666666667 
50 0 0.00000341666666666667 
101 0 0 
