** Period (Monthly) Age-Specific Probabilities of Death for Australia in 2019 
* Retrieved from the World Population Prospects 2024. Single age life tables up to age 100 Medium variant 
* https://population.un.org/wpp/assets/Excel%20Files/1_Indicator%20(Standard)/CSV_FILES/WPP2024_Life_Table_Complete_Medium_Female_1950-2023.csv.gz and 
* https://population.un.org/wpp/assets/Excel%20Files/1_Indicator%20(Standard)/CSV_FILES/WPP2024_Life_Table_Complete_Medium_Male_1950-2023.csv.gz and 
* United Nations. Population Division. Department of Economic and Social Affairs 
* Data downloaded on  03 Jul 2025 17:37:43 CEST 
** NB: The original WPP annual probabilities have been converted into monthly probabilities 
** The final age interval is limited to one year [100-101) 

death 1 F single 
1 0 0.000238893636114734 
2 0 0.0000166665276674083 
3 0 0.00000833371530217786 
4 0 0.0000108331454403698 
5 0 0.00000333339444602565 
6 0 0.00000750030939278279 
7 0 0.00000500013750526218 
8 0 0.00000416676215586609 
9 0 0.00000416676215586609 
10 0 0.00000250003437562984 
11 0 0.00000500013750526218 
12 0 0.00000500013750526218 
13 0 0.0000108331454403698 
14 0 0.00000833371530217786 
15 0 0.00000750030939278279 
16 0 0.00000999971661719279 
17 0 0.0000133334777554506 
18 0 0.0000199996997872764 
19 0 0.0000149995707006134 
20 0 0.0000199996997872764 
21 0 0.000023332994124492 
22 0 0.0000208332202944472 
23 0 0.0000199996997872764 
24 0 0.0000216667484441713 
25 0 0.0000224994506968779 
26 0 0.0000175000176134699 
27 0 0.0000250001039088232 
28 0 0.000023332994124492 
29 0 0.000023332994124492 
30 0 0.0000224994506968779 
31 0 0.0000250001039088232 
32 0 0.0000258328366956606 
33 0 0.000031666347917958 
34 0 0.000031666347917958 
35 0 0.0000349992364201412 
36 0 0.0000416662137441293 
37 0 0.0000466653085511304 
38 0 0.0000399987982981909 
39 0 0.0000524984891835389 
40 0 0.000060831181586618 
41 0 0.0000583320441455148 
42 0 0.000060831181586618 
43 0 0.0000708309204254798 
44 0 0.0000774971901148502 
45 0 0.0000899961995437515 
46 0 0.0000883295656515237 
47 0 0.000100828396221719 
48 0 0.000105827408531933 
49 0 0.000113327276884068 
50 0 0.00012665902989617 
51 0 0.000130824925681949 
52 0 0.000146655735667411 
53 0 0.000155820971626253 
54 0 0.000164986296992242 
55 0 0.000201646821004209 
56 0 0.00020081331119326 
57 0 0.000231639885953872 
58 0 0.00023580558324654 
59 0 0.000265798223763714 
60 0 0.000294123665181001 
61 0 0.000294123665181001 
62 0 0.000363268256225902 
63 0 0.000373264509197058 
64 0 0.000399920980766133 
65 0 0.000427409972660997 
66 0 0.000474888393085626 
67 0 0.000506539656609073 
68 0 0.000578168327047046 
69 0 0.000584831658671625 
70 0 0.00066644825774187 
71 0 0.000756385400348503 
72 0 0.000803017124623273 
73 0 0.000987856262354203 
74 0 0.00105029513504096 
75 0 0.0011651730299499 
76 0 0.00140654348421521 
77 0 0.00149225854439716 
78 0 0.00170027877467616 
79 0 0.00186999513504871 
80 0 0.00216693776871213 
81 0 0.0024696268638128 
82 0 0.00283458265767855 
83 0 0.00323599489849413 
84 0 0.00369709207119129 
85 0 0.00434402738192974 
86 0 0.00508030302305207 
87 0 0.00579549596834639 
88 0 0.00661486368329745 
89 0 0.00753001730602831 
90 0 0.00878939309666549 
91 0 0.0100639167666444 
92 0 0.0119115940900115 
93 0 0.0136892779798012 
94 0 0.0155331421315718 
95 0 0.0177044875770477 
96 0 0.0197869658885285 
97 0 0.0222930799922049 
98 0 0.0249953360349041 
99 0 0.027880955682885 
100 0 0.0309308839454611 
101 0 0.0833333333333333 

death 1 M single 
1 0 0.000299569755336071 
2 0 0.0000224994506968779 
3 0 0.0000149995707006134 
4 0 0.0000108331454403698 
5 0 0.00000416676215586609 
6 0 0.00000833371530217786 
7 0 0.00000999971661719279 
8 0 0.00000666691112360951 
9 0 0.00000583352049443597 
10 0 0.00000666691112360951 
11 0 0.00000750030939278279 
12 0 0.00000333339444602565 
13 0 0.00000750030939278279 
14 0 0.00000916629543457059 
15 0 0.00000916629543457059 
16 0 0.0000149995707006134 
17 0 0.0000191661869225479 
18 0 0.000038332247120576 
19 0 0.0000516655120934573 
20 0 0.0000499987470196084 
21 0 0.0000499987470196084 
22 0 0.000049165792834871 
23 0 0.0000483320125058695 
24 0 0.0000549983000887044 
25 0 0.000060831181586618 
26 0 0.0000549983000887044 
27 0 0.0000641643056439323 
28 0 0.0000549983000887044 
29 0 0.0000541653000921682 
30 0 0.0000574981797391017 
31 0 0.0000641643056439323 
32 0 0.0000558321415637941 
33 0 0.0000566651568346677 
34 0 0.0000716640731535101 
35 0 0.0000799968545148744 
36 0 0.0000774971901148502 
37 0 0.0000933287248128245 
38 0 0.0000924953734962042 
39 0 0.0000799968545148744 
40 0 0.000104161318644547 
41 0 0.000124992558143577 
42 0 0.000119992491757204 
43 0 0.000119992491757204 
44 0 0.00013915729007774 
45 0 0.000136657667474838 
46 0 0.000167485863895145 
47 0 0.000175818250046644 
48 0 0.000178317279880047 
49 0 0.000201646821004209 
50 0 0.000233306643244613 
51 0 0.000231639885953872 
52 0 0.000250802337573464 
53 0 0.000272462927665029 
54 0 0.000275795462899797 
55 0 0.000318283249207019 
56 0 0.000335777746620414 
57 0 0.00035493790926211 
58 0 0.000407417534403987 
59 0 0.00047155692560874 
60 0 0.000497377527620024 
61 0 0.000527362760799233 
62 0 0.000571505484068924 
63 0 0.000619811052301689 
64 0 0.000728905916094535 
65 0 0.000778868686545753 
66 0 0.000786362951107678 
67 0 0.000877956223551468 
68 0 0.000902101564885127 
69 0 0.00102115738286712 
70 0 0.00109608108321846 
71 0 0.00121345172319742 
72 0 0.00131749252380975 
73 0 0.00151555861183228 
74 0 0.00162456399284894 
75 0 0.00181425771893384 
76 0 0.00203303184981463 
77 0 0.00236319512517524 
78 0 0.00246214387379595 
79 0 0.00281795805804919 
80 0 0.00332988884696939 
81 0 0.00380341259079264 
82 0 0.00419539979261363 
83 0 0.00471760563624257 
84 0 0.00540641048093249 
85 0 0.00597963832619952 
86 0 0.00703601881306426 
87 0 0.00783746573015975 
88 0 0.00892937639932301 
89 0 0.00981302687487173 
90 0 0.0115879673133208 
91 0 0.0128120519080152 
92 0 0.0146798754181068 
93 0 0.0167416224277097 
94 0 0.0183462647083839 
95 0 0.0212026635863873 
96 0 0.0230353206398037 
97 0 0.0255310679653844 
98 0 0.0281756475187306 
99 0 0.0309540872640347 
100 0 0.0338472441963945 
101 0 0.0833333333333333 
