** Period (Monthly) Age-Specific Probabilities of Death for Australia in 1989 
* Retrieved from the World Population Prospects 2024. Single age life tables up to age 100 Medium variant 
* https://population.un.org/wpp/assets/Excel%20Files/1_Indicator%20(Standard)/CSV_FILES/WPP2024_Life_Table_Complete_Medium_Female_1950-2023.csv.gz and 
* https://population.un.org/wpp/assets/Excel%20Files/1_Indicator%20(Standard)/CSV_FILES/WPP2024_Life_Table_Complete_Medium_Male_1950-2023.csv.gz and 
* United Nations. Population Division. Department of Economic and Social Affairs 
* Data downloaded on  03 Jul 2025 17:37:24 CEST 
** NB: The original WPP annual probabilities have been converted into monthly probabilities 
** The final age interval is limited to one year [100-101) 

death 1 F single 
1 0 0.000628893233212136 
2 0 0.000047499073593138 
3 0 0.0000341664196621405 
4 0 0.0000216667484441713 
5 0 0.0000199996997872764 
6 0 0.0000183335152015296 
7 0 0.0000158330453632338 
8 0 0.0000175000176134699 
9 0 0.00000999971661719279 
10 0 0.00000916629543457059 
11 0 0.0000125000260093877 
12 0 0.0000133334777554506 
13 0 0.00000666691112360951 
14 0 0.0000175000176134699 
15 0 0.0000116665819044348 
16 0 0.0000274999923247643 
17 0 0.000029166344928 
18 0 0.0000258328366956606 
19 0 0.0000449986351540588 
20 0 0.0000341664196621405 
21 0 0.0000433319923137665 
22 0 0.0000341664196621405 
23 0 0.0000483320125058695 
24 0 0.0000449986351540588 
25 0 0.0000341664196621405 
26 0 0.000039165935736496 
27 0 0.000038332247120576 
28 0 0.0000416662137441293 
29 0 0.0000250001039088232 
30 0 0.0000399987982981909 
31 0 0.0000458323849097386 
32 0 0.000049165792834871 
33 0 0.0000433319923137665 
34 0 0.0000449986351540588 
35 0 0.0000499987470196084 
36 0 0.0000591650823251744 
37 0 0.0000533323077286374 
38 0 0.0000658313304726654 
39 0 0.0000658313304726654 
40 0 0.0000716640731535101 
41 0 0.0000974955959988089 
42 0 0.0000974955959988089 
43 0 0.00011415998482589 
44 0 0.0000991615637143672 
45 0 0.000129158377552785 
46 0 0.000136657667474838 
47 0 0.000159987369389158 
48 0 0.000160820504897741 
49 0 0.000199147149662848 
50 0 0.000212477297195868 
51 0 0.000234972595611671 
52 0 0.000218309433895225 
53 0 0.000284126917669214 
54 0 0.000311618529213575 
55 0 0.000323281691818389 
56 0 0.00033327856547638 
57 0 0.000407417534403987 
58 0 0.000399920980766133 
59 0 0.00048155169449271 
60 0 0.000561510877903348 
61 0 0.000603986531206302 
62 0 0.000638132414189418 
63 0 0.000780534585587023 
64 0 0.000750556437114747 
65 0 0.000917088335555039 
66 0 0.000951224138156292 
67 0 0.00104113784889737 
68 0 0.0011177248289328 
69 0 0.00128586510366968 
70 0 0.00144066401219323 
71 0 0.00166616577991752 
72 0 0.00174354203898064 
73 0 0.00202221894359478 
74 0 0.00211038310900047 
75 0 0.00254695042000164 
76 0 0.00274480839594926 
77 0 0.00306480759468042 
78 0 0.00338721915087847 
79 0 0.00387816411958908 
80 0 0.0043855409564062 
81 0 0.00498320437702038 
82 0 0.00550597138986086 
83 0 0.00608911839999859 
84 0 0.00688514308156585 
85 0 0.00792612946234938 
86 0 0.00878525157471788 
87 0 0.00986353795711226 
88 0 0.0107411517036146 
89 0 0.012553014076266 
90 0 0.0136892779798012 
91 0 0.0149976696202766 
92 0 0.0170636564618089 
93 0 0.0201647532057202 
94 0 0.021975669545789 
95 0 0.0247632284458627 
96 0 0.0261974777786931 
97 0 0.0287457130438552 
98 0 0.0314119218941463 
99 0 0.0341789562822102 
100 0 0.0370266162841549 
101 0 0.0833333333333333 

death 1 M single 
1 0 0.000786937906765428 
2 0 0.0000616650765675741 
3 0 0.0000416662137441293 
4 0 0.0000341664196621405 
5 0 0.0000250001039088232 
6 0 0.0000191661869225479 
7 0 0.0000258328366956606 
8 0 0.0000141669371428454 
9 0 0.0000199996997872764 
10 0 0.00000916629543457059 
11 0 0.0000183335152015296 
12 0 0.0000149995707006134 
13 0 0.0000266664106883807 
14 0 0.0000283327480117279 
15 0 0.0000283327480117279 
16 0 0.0000374993998274453 
17 0 0.0000641643056439323 
18 0 0.0000908295279488103 
19 0 0.00011166021516984 
20 0 0.00012665902989617 
21 0 0.000116659823229059 
22 0 0.000107494363276728 
23 0 0.000119992491757204 
24 0 0.000116659823229059 
25 0 0.000124158916488093 
26 0 0.000107494363276728 
27 0 0.000128325532201545 
28 0 0.000133324387889933 
29 0 0.00011166021516984 
30 0 0.000128325532201545 
31 0 0.0000983281589223006 
32 0 0.000109994018370752 
33 0 0.000119992491757204 
34 0 0.000120826095202364 
35 0 0.000134157279044644 
36 0 0.000124992558143577 
37 0 0.00013915729007774 
38 0 0.000137490589173339 
39 0 0.000149155633233922 
40 0 0.000134991012402996 
41 0 0.000129158377552785 
42 0 0.000144989731928336 
43 0 0.000168319068138079 
44 0 0.000193314572160319 
45 0 0.000176651530674921 
46 0 0.000212477297195868 
47 0 0.000257466777560111 
48 0 0.000256633591375066 
49 0 0.000304120676295483 
50 0 0.000346607489323691 
51 0 0.00036909920043493 
52 0 0.000425743837900616 
53 0 0.000485716296568572 
54 0 0.000532360144216981 
55 0 0.000594825475471406 
56 0 0.000637299926307011 
57 0 0.000708086964205656 
58 0 0.000835491077248562 
59 0 0.000892943218192221 
60 0 0.00104946307615106 
61 0 0.00109025389393025 
62 0 0.00122676937585453 
63 0 0.00138573784857121 
64 0 0.00156548652353339 
65 0 0.0017759887935942 
66 0 0.00197896572236422 
67 0 0.0020263772734247 
68 0 0.00225426033797238 
69 0 0.002500390759965 
70 0 0.00284788246912171 
71 0 0.0030074629039234 
72 0 0.00327255591849296 
73 0 0.00373779332820534 
74 0 0.00430168262482222 
75 0 0.00470100392886785 
76 0 0.00520809883479834 
77 0 0.00568599725637198 
78 0 0.00589337531397671 
79 0 0.00670192103457146 
80 0 0.00774051245261642 
81 0 0.00792612946234938 
82 0 0.00900557833726767 
83 0 0.00985194522635091 
84 0 0.0110143331261099 
85 0 0.0121540973157076 
86 0 0.0127822587766058 
87 0 0.0147113231184471 
88 0 0.0165694401824359 
89 0 0.017863470306309 
90 0 0.0188365900860801 
91 0 0.0204076024486557 
92 0 0.0216206406518256 
93 0 0.024157405648605 
94 0 0.0269939179990847 
95 0 0.0324249782550612 
96 0 0.0316621250515132 
97 0 0.0340587647421831 
98 0 0.0365165128232032 
99 0 0.0390207716869322 
100 0 0.0415558096052193 
101 0 0.0833333333333333 
