** Period (Monthly) Age-Specific Probabilities of Death for Australia in 1991 
* Retrieved from the World Population Prospects 2024. Single age life tables up to age 100 Medium variant 
* https://population.un.org/wpp/assets/Excel%20Files/1_Indicator%20(Standard)/CSV_FILES/WPP2024_Life_Table_Complete_Medium_Female_1950-2023.csv.gz and 
* https://population.un.org/wpp/assets/Excel%20Files/1_Indicator%20(Standard)/CSV_FILES/WPP2024_Life_Table_Complete_Medium_Male_1950-2023.csv.gz and 
* United Nations. Population Division. Department of Economic and Social Affairs 
* Data downloaded on  03 Jul 2025 17:37:26 CEST 
** NB: The original WPP annual probabilities have been converted into monthly probabilities 
** The final age interval is limited to one year [100-101) 

death 1 F single 
1 0 0.000502106793639601 
2 0 0.0000516655120934573 
3 0 0.000023332994124492 
4 0 0.0000141669371428454 
5 0 0.0000116665819044348 
6 0 0.0000108331454403698 
7 0 0.0000183335152015296 
8 0 0.00000999971661719279 
9 0 0.00000750030939278279 
10 0 0.0000108331454403698 
11 0 0.0000108331454403698 
12 0 0.00000666691112360951 
13 0 0.00000833371530217786 
14 0 0.0000133334777554506 
15 0 0.0000250001039088232 
16 0 0.0000191661869225479 
17 0 0.0000191661869225479 
18 0 0.0000308327280768017 
19 0 0.0000266664106883807 
20 0 0.000039165935736496 
21 0 0.0000399987982981909 
22 0 0.0000308327280768017 
23 0 0.0000324991417722797 
24 0 0.0000399987982981909 
25 0 0.0000374993998274453 
26 0 0.0000399987982981909 
27 0 0.0000408325021981071 
28 0 0.0000416662137441293 
29 0 0.0000449986351540588 
30 0 0.0000483320125058695 
31 0 0.0000374993998274453 
32 0 0.000047499073593138 
33 0 0.000039165935736496 
34 0 0.0000416662137441293 
35 0 0.0000499987470196084 
36 0 0.0000533323077286374 
37 0 0.0000724972335176544 
38 0 0.000060831181586618 
39 0 0.0000683306740973944 
40 0 0.0000666644373789049 
41 0 0.0000724972335176544 
42 0 0.0000899961995437515 
43 0 0.0000933287248128245 
44 0 0.000106660882083109 
45 0 0.000109160514256912 
46 0 0.000125825372957022 
47 0 0.000141656981421323 
48 0 0.000158321121281002 
49 0 0.000155820971626253 
50 0 0.000198313662774452 
51 0 0.000212477297195868 
52 0 0.00022747437958015 
53 0 0.000267464771815384 
54 0 0.000283293487041925 
55 0 0.000296622605853059 
56 0 0.000327446573727297 
57 0 0.00035743684951095 
58 0 0.000388258858432078 
59 0 0.000439071259332957 
60 0 0.000506539656609073 
61 0 0.000526529610892834 
62 0 0.000633135922996519 
63 0 0.000635634134244389 
64 0 0.000726407658742878 
65 0 0.00078553078489052 
66 0 0.000900436801324567 
67 0 0.000989521786617154 
68 0 0.00106944218271965 
69 0 0.00114436270899376 
70 0 0.00131582773704264 
71 0 0.00145564340905147 
72 0 0.00173106227421793 
73 0 0.00172690216775229 
74 0 0.00200641476848107 
75 0 0.00221517350780331 
76 0 0.00238980418558521 
77 0 0.00282793262391035 
78 0 0.0032168824183465 
79 0 0.00352596434310681 
80 0 0.00407333086119432 
81 0 0.00441044809533175 
82 0 0.00457482645104978 
83 0 0.00562875579495536 
84 0 0.00631303472997224 
85 0 0.00665797872181539 
86 0 0.0078382944438834 
87 0 0.00837768112111781 
88 0 0.0100084405686927 
89 0 0.0103876458101126 
90 0 0.0117055005397885 
91 0 0.0134972845492829 
92 0 0.0151218104938918 
93 0 0.0170528940471557 
94 0 0.0178353171142653 
95 0 0.0198365780177625 
96 0 0.0219073066274493 
97 0 0.023993027286312 
98 0 0.0261954936684551 
99 0 0.0285068851406326 
100 0 0.0309169790135374 
101 0 0.0833333333333333 

death 1 M single 
1 0 0.00064131725427452 
2 0 0.000050831708836796 
3 0 0.0000366657264949666 
4 0 0.000023332994124492 
5 0 0.0000141669371428454 
6 0 0.0000116665819044348 
7 0 0.0000175000176134699 
8 0 0.0000175000176134699 
9 0 0.0000224994506968779 
10 0 0.0000175000176134699 
11 0 0.0000141669371428454 
12 0 0.0000158330453632338 
13 0 0.0000116665819044348 
14 0 0.0000208332202944472 
15 0 0.0000250001039088232 
16 0 0.0000416662137441293 
17 0 0.0000449986351540588 
18 0 0.0000699977753336745 
19 0 0.0000983281589223006 
20 0 0.000095828824603239 
21 0 0.0000866629623158532 
22 0 0.000106660882083109 
23 0 0.000103327868011815 
24 0 0.000119992491757204 
25 0 0.0000874962601642437 
26 0 0.000095828824603239 
27 0 0.000109994018370752 
28 0 0.0000966622064806355 
29 0 0.0000924953734962042 
30 0 0.000106660882083109 
31 0 0.000103327868011815 
32 0 0.000104161318644547 
33 0 0.00011166021516984 
34 0 0.000117493396111668 
35 0 0.000121658871843011 
36 0 0.000118326142219627 
37 0 0.000141656981421323 
38 0 0.000130824925681949 
39 0 0.00011415998482589 
40 0 0.000154987881941571 
41 0 0.000128325532201545 
42 0 0.000150821713331251 
43 0 0.000173318453996263 
44 0 0.000167485863895145 
45 0 0.00020414572588634 
46 0 0.000204979266257843 
47 0 0.00023413961561114 
48 0 0.000257466777560111 
49 0 0.000298288883166187 
50 0 0.000304120676295483 
51 0 0.000354104665587163 
52 0 0.000366599939475076 
53 0 0.00042407773368891 
54 0 0.000497377527620024 
55 0 0.00052569646862588 
56 0 0.000579833904472915 
57 0 0.000645627666247206 
58 0 0.000697261079838585 
59 0 0.000803017124623273 
60 0 0.000938735769279608 
61 0 0.000998679767176269 
62 0 0.0011576812038635 
63 0 0.00125423686824522 
64 0 0.00138324091732955 
65 0 0.0015804636399025 
66 0 0.00176517333580006 
67 0 0.00190243778817822 
68 0 0.00202554559221102 
69 0 0.00222099480987692 
70 0 0.00247461586688547 
71 0 0.0027872031075914 
72 0 0.00301244971906056 
73 0 0.0031071910125865 
74 0 0.00371204351866217 
75 0 0.00387816411958908 
76 0 0.00428507578548543 
77 0 0.00505374643452772 
78 0 0.00568848610502193 
79 0 0.00601281464564729 
80 0 0.00683042667296063 
81 0 0.00728800580489231 
82 0 0.00822855398620903 
83 0 0.00910579635305275 
84 0 0.00973684609059555 
85 0 0.0112485948177808 
86 0 0.0113206106651154 
87 0 0.0128087426721075 
88 0 0.0136834857478633 
89 0 0.0126754989748641 
90 0 0.0161961203894934 
91 0 0.0180597254350043 
92 0 0.0213826139579738 
93 0 0.020081875685547 
94 0 0.0221391074080317 
95 0 0.0237711237868545 
96 0 0.026117556004473 
97 0 0.0280922257576921 
98 0 0.0301411129722928 
99 0 0.0322566309344903 
100 0 0.034429992644711 
101 0 0.0833333333333333 
