** Period (Monthly) Age-Specific Fertility Rates for Australia in 1966 
* Retrieved from the World Population Prospects 2024 
* https://population.un.org/wpp/assets/Excel%20Files/1_Indicator%20(Standard)/CSV_FILES/WPP2024_Fertility_by_Age1.csv.gz 
* United Nations. Population Division. Department of Economic and Social Affairs 
* Data downloaded on  03 Jul 2025 17:36:47 CEST 
** NB: The original WPP annual rates have been converted into monthly rates 

birth 1 F single 0 
15 0 0 
16 0 0.00065625 
17 0 0.00142558333333333 
18 0 0.00370833333333333 
19 0 0.00622075 
20 0 0.00805233333333333 
21 0 0.010732 
22 0 0.0126511666666667 
23 0 0.0144834166666667 
24 0 0.0171685 
25 0 0.0174193333333333 
26 0 0.01796175 
27 0 0.0170456666666667 
28 0 0.01538625 
29 0 0.014048 
30 0 0.0121441666666667 
31 0 0.0113198333333333 
32 0 0.00942116666666667 
33 0 0.00866716666666667 
34 0 0.00762575 
35 0 0.00666758333333333 
36 0 0.00581166666666667 
37 0 0.004976 
38 0 0.00409558333333333 
39 0 0.00340566666666667 
40 0 0.00273975 
41 0 0.00202266666666667 
42 0 0.00152575 
43 0 0.001157 
44 0 0.000723333333333333 
45 0 0.000456166666666667 
46 0 0.00023275 
47 0 0.000128333333333333 
48 0 0.00005725 
49 0 0.0000249166666666667 
50 0 0.00003175 
101 0 0 

birth 1 F married 0 
15 0 0 
16 0 0.00065625 
17 0 0.00142558333333333 
18 0 0.00370833333333333 
19 0 0.00622075 
20 0 0.00805233333333333 
21 0 0.010732 
22 0 0.0126511666666667 
23 0 0.0144834166666667 
24 0 0.0171685 
25 0 0.0174193333333333 
26 0 0.01796175 
27 0 0.0170456666666667 
28 0 0.01538625 
29 0 0.014048 
30 0 0.0121441666666667 
31 0 0.0113198333333333 
32 0 0.00942116666666667 
33 0 0.00866716666666667 
34 0 0.00762575 
35 0 0.00666758333333333 
36 0 0.00581166666666667 
37 0 0.004976 
38 0 0.00409558333333333 
39 0 0.00340566666666667 
40 0 0.00273975 
41 0 0.00202266666666667 
42 0 0.00152575 
43 0 0.001157 
44 0 0.000723333333333333 
45 0 0.000456166666666667 
46 0 0.00023275 
47 0 0.000128333333333333 
48 0 0.00005725 
49 0 0.0000249166666666667 
50 0 0.00003175 
101 0 0 
