** Period (Monthly) Age-Specific Fertility Rates for Australia in 1950 
* Retrieved from the World Population Prospects 2024 
* https://population.un.org/wpp/assets/Excel%20Files/1_Indicator%20(Standard)/CSV_FILES/WPP2024_Fertility_by_Age1.csv.gz 
* United Nations. Population Division. Department of Economic and Social Affairs 
* Data downloaded on  03 Jul 2025 17:36:44 CEST 
** NB: The original WPP annual rates have been converted into monthly rates 

birth 1 F single 0 
15 0 0 
16 0 0.000217166666666667 
17 0 0.0007515 
18 0 0.00219433333333333 
19 0 0.00470466666666667 
20 0 0.00740575 
21 0 0.00996716666666667 
22 0 0.0131419166666667 
23 0 0.0154659166666667 
24 0 0.0167688333333333 
25 0 0.0170684166666667 
26 0 0.0168633333333333 
27 0 0.0167866666666667 
28 0 0.0155308333333333 
29 0 0.0149195833333333 
30 0 0.013482 
31 0 0.01294275 
32 0 0.0110169166666667 
33 0 0.0104013333333333 
34 0 0.00919683333333333 
35 0 0.00833641666666667 
36 0 0.00741466666666667 
37 0 0.00648266666666667 
38 0 0.00565675 
39 0 0.00486908333333333 
40 0 0.00400641666666667 
41 0 0.00315983333333333 
42 0 0.00228541666666667 
43 0 0.00164708333333333 
44 0 0.00117925 
45 0 0.000698 
46 0 0.00034225 
47 0 0.0001625 
48 0 0.0000651666666666667 
49 0 0.000021 
50 0 0.0000149166666666667 
101 0 0 

birth 1 F married 0 
15 0 0 
16 0 0.000217166666666667 
17 0 0.0007515 
18 0 0.00219433333333333 
19 0 0.00470466666666667 
20 0 0.00740575 
21 0 0.00996716666666667 
22 0 0.0131419166666667 
23 0 0.0154659166666667 
24 0 0.0167688333333333 
25 0 0.0170684166666667 
26 0 0.0168633333333333 
27 0 0.0167866666666667 
28 0 0.0155308333333333 
29 0 0.0149195833333333 
30 0 0.013482 
31 0 0.01294275 
32 0 0.0110169166666667 
33 0 0.0104013333333333 
34 0 0.00919683333333333 
35 0 0.00833641666666667 
36 0 0.00741466666666667 
37 0 0.00648266666666667 
38 0 0.00565675 
39 0 0.00486908333333333 
40 0 0.00400641666666667 
41 0 0.00315983333333333 
42 0 0.00228541666666667 
43 0 0.00164708333333333 
44 0 0.00117925 
45 0 0.000698 
46 0 0.00034225 
47 0 0.0001625 
48 0 0.0000651666666666667 
49 0 0.000021 
50 0 0.0000149166666666667 
101 0 0 
