** Period (Monthly) Age-Specific Fertility Rates for Australia in 1956 
* Retrieved from the World Population Prospects 2024 
* https://population.un.org/wpp/assets/Excel%20Files/1_Indicator%20(Standard)/CSV_FILES/WPP2024_Fertility_by_Age1.csv.gz 
* United Nations. Population Division. Department of Economic and Social Affairs 
* Data downloaded on  03 Jul 2025 17:36:45 CEST 
** NB: The original WPP annual rates have been converted into monthly rates 

birth 1 F single 0 
15 0 0 
16 0 0.00017075 
17 0 0.000897416666666667 
18 0 0.00274275 
19 0 0.00540358333333333 
20 0 0.00883866666666667 
21 0 0.012448 
22 0 0.0160495833333333 
23 0 0.0187080833333333 
24 0 0.02005775 
25 0 0.0204860833333333 
26 0 0.0190999166666667 
27 0 0.0185188333333333 
28 0 0.0169458333333333 
29 0 0.016023 
30 0 0.0142715833333333 
31 0 0.0128615 
32 0 0.0112078333333333 
33 0 0.0104419166666667 
34 0 0.00907 
35 0 0.00793808333333333 
36 0 0.00693575 
37 0 0.00627475 
38 0 0.005312 
39 0 0.00451775 
40 0 0.00358516666666667 
41 0 0.00285566666666667 
42 0 0.0020805 
43 0 0.00156708333333333 
44 0 0.00104691666666667 
45 0 0.0006305 
46 0 0.000307583333333333 
47 0 0.000150166666666667 
48 0 0.0000599166666666667 
49 0 0.0000216666666666667 
50 0 0.0000294166666666667 
101 0 0 

birth 1 F married 0 
15 0 0 
16 0 0.00017075 
17 0 0.000897416666666667 
18 0 0.00274275 
19 0 0.00540358333333333 
20 0 0.00883866666666667 
21 0 0.012448 
22 0 0.0160495833333333 
23 0 0.0187080833333333 
24 0 0.02005775 
25 0 0.0204860833333333 
26 0 0.0190999166666667 
27 0 0.0185188333333333 
28 0 0.0169458333333333 
29 0 0.016023 
30 0 0.0142715833333333 
31 0 0.0128615 
32 0 0.0112078333333333 
33 0 0.0104419166666667 
34 0 0.00907 
35 0 0.00793808333333333 
36 0 0.00693575 
37 0 0.00627475 
38 0 0.005312 
39 0 0.00451775 
40 0 0.00358516666666667 
41 0 0.00285566666666667 
42 0 0.0020805 
43 0 0.00156708333333333 
44 0 0.00104691666666667 
45 0 0.0006305 
46 0 0.000307583333333333 
47 0 0.000150166666666667 
48 0 0.0000599166666666667 
49 0 0.0000216666666666667 
50 0 0.0000294166666666667 
101 0 0 
