** Period (Monthly) Age-Specific Probabilities of Death for Australia in 2012 
* Retrieved from the World Population Prospects 2024. Single age life tables up to age 100 Medium variant 
* https://population.un.org/wpp/assets/Excel%20Files/1_Indicator%20(Standard)/CSV_FILES/WPP2024_Life_Table_Complete_Medium_Female_1950-2023.csv.gz and 
* https://population.un.org/wpp/assets/Excel%20Files/1_Indicator%20(Standard)/CSV_FILES/WPP2024_Life_Table_Complete_Medium_Male_1950-2023.csv.gz and 
* United Nations. Population Division. Department of Economic and Social Affairs 
* Data downloaded on  03 Jul 2025 17:37:39 CEST 
** NB: The original WPP annual probabilities have been converted into monthly probabilities 
** The final age interval is limited to one year [100-101) 

death 1 F single 
1 0 0.000263001767962123 
2 0 0.0000199996997872764 
3 0 0.0000133334777554506 
4 0 0.00000833371530217786 
5 0 0.00000833371530217786 
6 0 0.00000833371530217786 
7 0 0.00000333339444602565 
8 0 0.00000750030939278279 
9 0 0.00000916629543457059 
10 0 0.00000583352049443597 
11 0 0.00000250003437562984 
12 0 0.00000500013750526218 
13 0 0.00000666691112360951 
14 0 0.00000750030939278279 
15 0 0.0000125000260093877 
16 0 0.0000133334777554506 
17 0 0.0000183335152015296 
18 0 0.0000208332202944472 
19 0 0.0000274999923247643 
20 0 0.0000224994506968779 
21 0 0.0000258328366956606 
22 0 0.0000175000176134699 
23 0 0.0000216667484441713 
24 0 0.0000199996997872764 
25 0 0.000023332994124492 
26 0 0.0000208332202944472 
27 0 0.0000241665451951034 
28 0 0.0000183335152015296 
29 0 0.0000216667484441713 
30 0 0.0000258328366956606 
31 0 0.000029166344928 
32 0 0.0000324991417722797 
33 0 0.000038332247120576 
34 0 0.0000349992364201412 
35 0 0.0000341664196621405 
36 0 0.000039165935736496 
37 0 0.000038332247120576 
38 0 0.0000458323849097386 
39 0 0.000060831181586618 
40 0 0.0000549983000887044 
41 0 0.0000774971901148502 
42 0 0.0000666644373789049 
43 0 0.0000766639839228089 
44 0 0.0000774971901148502 
45 0 0.0000866629623158532 
46 0 0.0000833298473094102 
47 0 0.0000891628787780263 
48 0 0.000119992491757204 
49 0 0.00012665902989617 
50 0 0.000134991012402996 
51 0 0.000145822729980871 
52 0 0.000178317279880047 
53 0 0.000154987881941571 
54 0 0.000181650539875733 
55 0 0.000193314572160319 
56 0 0.000222475355618368 
57 0 0.000254968077593176 
58 0 0.000246636788480359 
59 0 0.000247469883025708 
60 0 0.000295789896677556 
61 0 0.000294123665181001 
62 0 0.000372431097468984 
63 0 0.000408250429974832 
64 0 0.000417413622303409 
65 0 0.000500709103997576 
66 0 0.000524031045162077 
67 0 0.000573170939355494 
68 0 0.000607317824441567 
69 0 0.000690598734045311 
70 0 0.000766377938629326 
71 0 0.000841319605842439 
72 0 0.000953721849581313 
73 0 0.00105529017768624 
74 0 0.00116267540455184 
75 0 0.00134412480706725 
76 0 0.00150474109917065 
77 0 0.00166034177350938 
78 0 0.00192905672575172 
79 0 0.00214198780593688 
80 0 0.0024737843473126 
81 0 0.00281795805804919 
82 0 0.00326092299408676 
83 0 0.00373779332820534 
84 0 0.00442207126467897 
85 0 0.00505623644433673 
86 0 0.00582121123846135 
87 0 0.00659247680302766 
88 0 0.00782835129027515 
89 0 0.00864774454990658 
90 0 0.010070540254033 
91 0 0.0117791661899541 
92 0 0.0131463953765066 
93 0 0.0156109422575648 
94 0 0.0171514132664998 
95 0 0.019327834693014 
96 0 0.0217888004830132 
97 0 0.0243949440356792 
98 0 0.0271799073701263 
99 0 0.0301271617397877 
100 0 0.0332144780194936 
101 0 0.0833333333333333 

death 1 M single 
1 0 0.000292921455908424 
2 0 0.0000266664106883807 
3 0 0.0000183335152015296 
4 0 0.00000999971661719279 
5 0 0.0000108331454403698 
6 0 0.00000999971661719279 
7 0 0.00000416676215586609 
8 0 0.00000750030939278279 
9 0 0.00000750030939278279 
10 0 0.00000916629543457059 
11 0 0.00000916629543457059 
12 0 0.00000666691112360951 
13 0 0.00000833371530217786 
14 0 0.0000108331454403698 
15 0 0.0000108331454403698 
16 0 0.0000208332202944472 
17 0 0.0000224994506968779 
18 0 0.0000349992364201412 
19 0 0.0000483320125058695 
20 0 0.0000558321415637941 
21 0 0.000049165792834871 
22 0 0.0000516655120934573 
23 0 0.0000516655120934573 
24 0 0.0000566651568346677 
25 0 0.0000524984891835389 
26 0 0.0000524984891835389 
27 0 0.0000633312216504756 
28 0 0.0000749975944498438 
29 0 0.0000591650823251744 
30 0 0.0000599981281388384 
31 0 0.0000591650823251744 
32 0 0.0000658313304726654 
33 0 0.0000708309204254798 
34 0 0.00006916463787765 
35 0 0.0000883295656515237 
36 0 0.00006916463787765 
37 0 0.0000866629623158532 
38 0 0.0000924953734962042 
39 0 0.0000966622064806355 
40 0 0.0000999949761474328 
41 0 0.00011499353478428 
42 0 0.00011499353478428 
43 0 0.000115826257990559 
44 0 0.00012665902989617 
45 0 0.000154987881941571 
46 0 0.000145822729980871 
47 0 0.000155820971626253 
48 0 0.000179983894598057 
49 0 0.000203313028358298 
50 0 0.000210810921834836 
51 0 0.000248302985207616 
52 0 0.000231639885953872 
53 0 0.00028579296589526 
54 0 0.000300788774467042 
55 0 0.000317450341540626 
56 0 0.000363268256225902 
57 0 0.000377429172085941 
58 0 0.000408250429974832 
59 0 0.000470723449578547 
60 0 0.000483218015083553 
61 0 0.000547352267104451 
62 0 0.000585664504646366 
63 0 0.00062064337994594 
64 0 0.000698093277598621 
65 0 0.000773039961384669 
66 0 0.000871294915427701 
67 0 0.000927079206253345 
68 0 0.00100450698144516 
69 0 0.00117599405330937 
70 0 0.00117266463005083 
71 0 0.00132831226793684 
72 0 0.00153636181988692 
73 0 0.00174520619392315 
74 0 0.00184171055111082 
75 0 0.00212036374189761 
76 0 0.00235737495266009 
77 0 0.00262842477533876 
78 0 0.00295427120405189 
79 0 0.00342460711372894 
80 0 0.00389228345761938 
81 0 0.00432160926102942 
82 0 0.00487448030447479 
83 0 0.0054321311994745 
84 0 0.00630308396371138 
85 0 0.00717859428615475 
86 0 0.00813078848428794 
87 0 0.00918530584683752 
88 0 0.0105391520079308 
89 0 0.0117501968100033 
90 0 0.0134004591493648 
91 0 0.0155025197739613 
92 0 0.0166977484489893 
93 0 0.0190602477464865 
94 0 0.0218130764378128 
95 0 0.0236814232599393 
96 0 0.0263139754379105 
97 0 0.0290176319131279 
98 0 0.0318512657016859 
99 0 0.0347941209151457 
100 0 0.0378217198936914 
101 0 0.0833333333333333 
