** Period (Monthly) Age-Specific Probabilities of Death for Australia in 2008 
* Retrieved from the World Population Prospects 2024. Single age life tables up to age 100 Medium variant 
* https://population.un.org/wpp/assets/Excel%20Files/1_Indicator%20(Standard)/CSV_FILES/WPP2024_Life_Table_Complete_Medium_Female_1950-2023.csv.gz and 
* https://population.un.org/wpp/assets/Excel%20Files/1_Indicator%20(Standard)/CSV_FILES/WPP2024_Life_Table_Complete_Medium_Male_1950-2023.csv.gz and 
* United Nations. Population Division. Department of Economic and Social Affairs 
* Data downloaded on  03 Jul 2025 17:37:36 CEST 
** NB: The original WPP annual probabilities have been converted into monthly probabilities 
** The final age interval is limited to one year [100-101) 

death 1 F single 
1 0 0.000314524353934975 
2 0 0.0000208332202944472 
3 0 0.0000158330453632338 
4 0 0.00000916629543457059 
5 0 0.00000833371530217786 
6 0 0.00000750030939278279 
7 0 0.00000833371530217786 
8 0 0.00000750030939278279 
9 0 0.00000333339444602565 
10 0 0.00000916629543457059 
11 0 0.00000500013750526218 
12 0 0.00000333339444602565 
13 0 0.00000833371530217786 
14 0 0.00000750030939278279 
15 0 0.00000583352049443597 
16 0 0.0000108331454403698 
17 0 0.0000183335152015296 
18 0 0.0000241665451951034 
19 0 0.0000208332202944472 
20 0 0.000023332994124492 
21 0 0.0000199996997872764 
22 0 0.0000183335152015296 
23 0 0.0000216667484441713 
24 0 0.0000191661869225479 
25 0 0.0000266664106883807 
26 0 0.0000299999494883796 
27 0 0.000029166344928 
28 0 0.0000266664106883807 
29 0 0.0000208332202944472 
30 0 0.0000266664106883807 
31 0 0.0000374993998274453 
32 0 0.000029166344928 
33 0 0.0000358328944697339 
34 0 0.0000374993998274453 
35 0 0.0000424990992133889 
36 0 0.0000449986351540588 
37 0 0.0000524984891835389 
38 0 0.0000458323849097386 
39 0 0.0000574981797391017 
40 0 0.0000583320441455148 
41 0 0.0000641643056439323 
42 0 0.00006916463787765 
43 0 0.0000708309204254798 
44 0 0.0000858296721063523 
45 0 0.0000808300912565896 
46 0 0.000100828396221719 
47 0 0.00010249442502086 
48 0 0.000117493396111668 
49 0 0.000139990234681586 
50 0 0.000134991012402996 
51 0 0.000149988669465251 
52 0 0.000169152280018903 
53 0 0.000177483983980542 
54 0 0.000167485863895145 
55 0 0.000218309433895225 
56 0 0.000238305427479157 
57 0 0.000239138445660148 
58 0 0.000281627484634672 
59 0 0.000294123665181001 
60 0 0.000296622605853059 
61 0 0.000347439827735441 
62 0 0.000384926381037154 
63 0 0.000401586642125529 
64 0 0.000477387283282948 
65 0 0.00052569646862588 
66 0 0.00051986636287793 
67 0 0.000644795109681517 
68 0 0.000690598734045311 
69 0 0.000748891087744341 
70 0 0.00079135947099862 
71 0 0.000947893682412326 
72 0 0.00106528024412744 
73 0 0.0011585134108989 
74 0 0.00123592512816406 
75 0 0.0013948918762049 
76 0 0.00160875427294227 
77 0 0.00181092945644012 
78 0 0.0020704604711298 
79 0 0.00231995516143024 
80 0 0.0027872031075914 
81 0 0.00308059732571742 
82 0 0.00359740825894972 
83 0 0.00408744754150092 
84 0 0.0046578391776102 
85 0 0.0055325203007478 
86 0 0.00595475540071355 
87 0 0.00706668984920988 
88 0 0.0080769325038953 
89 0 0.00948593198370384 
90 0 0.0105755783621433 
91 0 0.0123543856115897 
92 0 0.0136917606180064 
93 0 0.015709433993348 
94 0 0.0178195833552386 
95 0 0.0205253081241533 
96 0 0.0226140297644934 
97 0 0.0252735727741068 
98 0 0.0281064747425912 
99 0 0.0310944784010172 
100 0 0.0342137589074496 
101 0 0.0833333333333333 

death 1 M single 
1 0 0.000393419334533629 
2 0 0.0000324991417722797 
3 0 0.0000191661869225479 
4 0 0.0000149995707006134 
5 0 0.0000125000260093877 
6 0 0.00000666691112360951 
7 0 0.0000116665819044348 
8 0 0.00000583352049443597 
9 0 0.00000999971661719279 
10 0 0.00000999971661719279 
11 0 0.0000116665819044348 
12 0 0.00000750030939278279 
13 0 0.00000666691112360951 
14 0 0.00000999971661719279 
15 0 0.0000125000260093877 
16 0 0.0000266664106883807 
17 0 0.0000258328366956606 
18 0 0.0000416662137441293 
19 0 0.000050831708836796 
20 0 0.0000566651568346677 
21 0 0.000060831181586618 
22 0 0.0000549983000887044 
23 0 0.000050831708836796 
24 0 0.0000649982312016517 
25 0 0.0000616650765675741 
26 0 0.0000633312216504756 
27 0 0.0000666644373789049 
28 0 0.0000724972335176544 
29 0 0.0000774971901148502 
30 0 0.0000666644373789049 
31 0 0.0000766639839228089 
32 0 0.0000783304039441157 
33 0 0.0000908295279488103 
34 0 0.0000808300912565896 
35 0 0.0000899961995437515 
36 0 0.0000924953734962042 
37 0 0.0000974955959988089 
38 0 0.0000924953734962042 
39 0 0.000108327852112788 
40 0 0.000112493742205344 
41 0 0.000127491859978179 
42 0 0.000134991012402996 
43 0 0.000119159730383234 
44 0 0.000140823186918437 
45 0 0.000163319957243613 
46 0 0.000173318453996263 
47 0 0.000189149151694989 
48 0 0.000204979266257843 
49 0 0.000203313028358298 
50 0 0.000224974833229918 
51 0 0.000251635470302713 
52 0 0.000289125153974834 
53 0 0.000272462927665029 
54 0 0.000350772603840088 
55 0 0.000339109258611359 
56 0 0.000362434936167055 
57 0 0.000426576901462195 
58 0 0.000417413622303409 
59 0 0.000468224742632861 
60 0 0.000506539656609073 
61 0 0.000568173826519192 
62 0 0.000653956169614056 
63 0 0.000698093277598621 
64 0 0.000738898792465248 
65 0 0.000835491077248562 
66 0 0.000979531626261854 
67 0 0.00104863018187817 
68 0 0.0011177248289328 
69 0 0.00127421207013767 
70 0 0.00138906663294502 
71 0 0.00155882969021048 
72 0 0.00168779816566145 
73 0 0.00196565732149923 
74 0 0.00212701753853217 
75 0 0.00235737495266009 
76 0 0.0027165451023089 
77 0 0.00308724609358912 
78 0 0.00343291514543376 
79 0 0.00387401128045828 
80 0 0.00425352358389852 
81 0 0.00508445253340239 
82 0 0.0055864462814248 
83 0 0.00623425285993517 
84 0 0.00702275518985185 
85 0 0.00778277473831468 
86 0 0.00913395592904709 
87 0 0.010587997318717 
88 0 0.0112850170865247 
89 0 0.0125232196796179 
90 0 0.0144845666780122 
91 0 0.0162391621557677 
92 0 0.0180473048696332 
93 0 0.0188929170518574 
94 0 0.0224212220267791 
95 0 0.0249261619976426 
96 0 0.0266617078691745 
97 0 0.0291728469287814 
98 0 0.0317941773915261 
99 0 0.0345092480821226 
100 0 0.0372988704125283 
101 0 0.0833333333333333 
