** Period (Monthly) Age-Specific Fertility Rates for Australia in 1970 
* Retrieved from the World Population Prospects 2024 
* https://population.un.org/wpp/assets/Excel%20Files/1_Indicator%20(Standard)/CSV_FILES/WPP2024_Fertility_by_Age1.csv.gz 
* United Nations. Population Division. Department of Economic and Social Affairs 
* Data downloaded on  03 Jul 2025 17:36:48 CEST 
** NB: The original WPP annual rates have been converted into monthly rates 

birth 1 F single 0 
15 0 0 
16 0 0.000822166666666667 
17 0 0.00154466666666667 
18 0 0.00383633333333333 
19 0 0.00642833333333333 
20 0 0.00868216666666667 
21 0 0.0105275 
22 0 0.0128145833333333 
23 0 0.0148356666666667 
24 0 0.0159893333333333 
25 0 0.01789525 
26 0 0.0177263333333333 
27 0 0.0171810833333333 
28 0 0.0164229166666667 
29 0 0.01443975 
30 0 0.0128649166666667 
31 0 0.0117068333333333 
32 0 0.00934375 
33 0 0.00814808333333333 
34 0 0.00690725 
35 0 0.00613791666666667 
36 0 0.00515741666666667 
37 0 0.00440658333333333 
38 0 0.00357283333333333 
39 0 0.00309958333333333 
40 0 0.00245316666666667 
41 0 0.001799 
42 0 0.00127883333333333 
43 0 0.000902 
44 0 0.00058225 
45 0 0.000324666666666667 
46 0 0.000185333333333333 
47 0 0.0000970833333333333 
48 0 0.0000344166666666667 
49 0 0.00001675 
50 0 0.0000294166666666667 
101 0 0 

birth 1 F married 0 
15 0 0 
16 0 0.000822166666666667 
17 0 0.00154466666666667 
18 0 0.00383633333333333 
19 0 0.00642833333333333 
20 0 0.00868216666666667 
21 0 0.0105275 
22 0 0.0128145833333333 
23 0 0.0148356666666667 
24 0 0.0159893333333333 
25 0 0.01789525 
26 0 0.0177263333333333 
27 0 0.0171810833333333 
28 0 0.0164229166666667 
29 0 0.01443975 
30 0 0.0128649166666667 
31 0 0.0117068333333333 
32 0 0.00934375 
33 0 0.00814808333333333 
34 0 0.00690725 
35 0 0.00613791666666667 
36 0 0.00515741666666667 
37 0 0.00440658333333333 
38 0 0.00357283333333333 
39 0 0.00309958333333333 
40 0 0.00245316666666667 
41 0 0.001799 
42 0 0.00127883333333333 
43 0 0.000902 
44 0 0.00058225 
45 0 0.000324666666666667 
46 0 0.000185333333333333 
47 0 0.0000970833333333333 
48 0 0.0000344166666666667 
49 0 0.00001675 
50 0 0.0000294166666666667 
101 0 0 
