** Period (Monthly) Age-Specific Fertility Rates for Australia in 1980 
* Retrieved from the World Population Prospects 2024 
* https://population.un.org/wpp/assets/Excel%20Files/1_Indicator%20(Standard)/CSV_FILES/WPP2024_Fertility_by_Age1.csv.gz 
* United Nations. Population Division. Department of Economic and Social Affairs 
* Data downloaded on  03 Jul 2025 17:36:50 CEST 
** NB: The original WPP annual rates have been converted into monthly rates 

birth 1 F single 0 
15 0 0 
16 0 0.000453166666666667 
17 0 0.00100841666666667 
18 0 0.00205891666666667 
19 0 0.00337833333333333 
20 0 0.00457166666666667 
21 0 0.00592725 
22 0 0.00741741666666667 
23 0 0.00915733333333333 
24 0 0.0106474166666667 
25 0 0.0116380833333333 
26 0 0.0125350833333333 
27 0 0.0125266666666667 
28 0 0.0123508333333333 
29 0 0.0115219166666667 
30 0 0.0101151666666667 
31 0 0.00904825 
32 0 0.00724025 
33 0 0.00615208333333333 
34 0 0.0048715 
35 0 0.00395908333333333 
36 0 0.00306758333333333 
37 0 0.0024845 
38 0 0.00185916666666667 
39 0 0.00136058333333333 
40 0 0.00100566666666667 
41 0 0.00077225 
42 0 0.00044975 
43 0 0.000297 
44 0 0.000203666666666667 
45 0 0.0000933333333333333 
46 0 0.00006 
47 0 0.00003 
48 0 0.000015 
49 0 0 
50 0 0.0000205833333333333 
101 0 0 

birth 1 F married 0 
15 0 0 
16 0 0.000453166666666667 
17 0 0.00100841666666667 
18 0 0.00205891666666667 
19 0 0.00337833333333333 
20 0 0.00457166666666667 
21 0 0.00592725 
22 0 0.00741741666666667 
23 0 0.00915733333333333 
24 0 0.0106474166666667 
25 0 0.0116380833333333 
26 0 0.0125350833333333 
27 0 0.0125266666666667 
28 0 0.0123508333333333 
29 0 0.0115219166666667 
30 0 0.0101151666666667 
31 0 0.00904825 
32 0 0.00724025 
33 0 0.00615208333333333 
34 0 0.0048715 
35 0 0.00395908333333333 
36 0 0.00306758333333333 
37 0 0.0024845 
38 0 0.00185916666666667 
39 0 0.00136058333333333 
40 0 0.00100566666666667 
41 0 0.00077225 
42 0 0.00044975 
43 0 0.000297 
44 0 0.000203666666666667 
45 0 0.0000933333333333333 
46 0 0.00006 
47 0 0.00003 
48 0 0.000015 
49 0 0 
50 0 0.0000205833333333333 
101 0 0 
