** Period (Monthly) Age-Specific Probabilities of Death for Australia in 1981 
* Retrieved from the World Population Prospects 2024. Single age life tables up to age 100 Medium variant 
* https://population.un.org/wpp/assets/Excel%20Files/1_Indicator%20(Standard)/CSV_FILES/WPP2024_Life_Table_Complete_Medium_Female_1950-2023.csv.gz and 
* https://population.un.org/wpp/assets/Excel%20Files/1_Indicator%20(Standard)/CSV_FILES/WPP2024_Life_Table_Complete_Medium_Male_1950-2023.csv.gz and 
* United Nations. Population Division. Department of Economic and Social Affairs 
* Data downloaded on  03 Jul 2025 17:37:20 CEST 
** NB: The original WPP annual probabilities have been converted into monthly probabilities 
** The final age interval is limited to one year [100-101) 

death 1 F single 
1 0 0.000750548034669896 
2 0 0.0000766639839228089 
3 0 0.0000366657264949666 
4 0 0.000029166344928 
5 0 0.0000224994506968779 
6 0 0.0000208332202944472 
7 0 0.0000125000260093877 
8 0 0.0000125000260093877 
9 0 0.0000133334777554506 
10 0 0.0000149995707006134 
11 0 0.0000166665276674083 
12 0 0.0000125000260093877 
13 0 0.0000158330453632338 
14 0 0.0000141669371428454 
15 0 0.0000266664106883807 
16 0 0.0000250001039088232 
17 0 0.0000358328944697339 
18 0 0.0000433319923137665 
19 0 0.0000424990992133889 
20 0 0.0000424990992133889 
21 0 0.0000424990992133889 
22 0 0.0000374993998274453 
23 0 0.0000366657264949666 
24 0 0.0000408325021981071 
25 0 0.0000358328944697339 
26 0 0.0000416662137441293 
27 0 0.0000499987470196084 
28 0 0.0000408325021981071 
29 0 0.0000333327768948788 
30 0 0.0000483320125058695 
31 0 0.0000349992364201412 
32 0 0.000049165792834871 
33 0 0.000050831708836796 
34 0 0.0000458323849097386 
35 0 0.0000558321415637941 
36 0 0.0000641643056439323 
37 0 0.0000649982312016517 
38 0 0.0000774971901148502 
39 0 0.0000833298473094102 
40 0 0.0000716640731535101 
41 0 0.0000899961995437515 
42 0 0.000109160514256912 
43 0 0.000129158377552785 
44 0 0.000119992491757204 
45 0 0.00013832351850418 
46 0 0.000185816451737875 
47 0 0.000203313028358298 
48 0 0.000212477297195868 
49 0 0.000236638578515747 
50 0 0.000275795462899797 
51 0 0.000275795462899797 
52 0 0.000283293487041925 
53 0 0.000309119176175154 
54 0 0.000338276160053774 
55 0 0.000396588912659812 
56 0 0.000408250429974832 
57 0 0.00046322753486483 
58 0 0.000503207866447086 
59 0 0.000574837263792261 
60 0 0.000616479300958317 
61 0 0.000640631602063957 
62 0 0.000702257739945256 
63 0 0.00081550702612776 
64 0 0.000922916209901814 
65 0 0.00102115738286712 
66 0 0.00101949296380943 
67 0 0.00120346307653119 
68 0 0.00136409949507521 
69 0 0.00139905371848126 
70 0 0.00165035729840091 
71 0 0.00171525437453945 
72 0 0.00190410145575881 
73 0 0.00213616559952201 
74 0 0.00244135674939383 
75 0 0.00270656990535734 
76 0 0.00302740922617162 
77 0 0.00341380608082242 
78 0 0.00362980638961596 
79 0 0.00420619407055167 
80 0 0.00440795742290967 
81 0 0.00519399156829192 
82 0 0.00603520795574242 
83 0 0.00611151101845331 
84 0 0.00735762805277618 
85 0 0.00812250302860462 
86 0 0.00919441648807973 
87 0 0.0102502094773926 
88 0 0.0110284066859605 
89 0 0.0117890978512699 
90 0 0.0134724579501532 
91 0 0.0140682998224195 
92 0 0.0160454748293011 
93 0 0.0173923363094913 
94 0 0.0203843945812475 
95 0 0.0207284054703319 
96 0 0.0228656854928168 
97 0 0.0247994527496938 
98 0 0.0268268219400167 
99 0 0.0289414055165683 
100 0 0.0311352041459128 
101 0 0.0833333333333333 

death 1 M single 
1 0 0.000982666964286505 
2 0 0.0000683306740973944 
3 0 0.000050831708836796 
4 0 0.0000558321415637941 
5 0 0.000038332247120576 
6 0 0.0000374993998274453 
7 0 0.000029166344928 
8 0 0.0000299999494883796 
9 0 0.0000274999923247643 
10 0 0.0000208332202944472 
11 0 0.0000250001039088232 
12 0 0.0000199996997872764 
13 0 0.000029166344928 
14 0 0.0000224994506968779 
15 0 0.0000374993998274453 
16 0 0.0000433319923137665 
17 0 0.0000716640731535101 
18 0 0.000106660882083109 
19 0 0.000152488658700212 
20 0 0.00013832351850418 
21 0 0.000142489948931956 
22 0 0.000137490589173339 
23 0 0.000132491504366894 
24 0 0.000115826257990559 
25 0 0.000122492490570281 
26 0 0.000132491504366894 
27 0 0.000124158916488093 
28 0 0.000109160514256912 
29 0 0.0000908295279488103 
30 0 0.000106660882083109 
31 0 0.000082496587653802 
32 0 0.000106660882083109 
33 0 0.000105827408531933 
34 0 0.000104161318644547 
35 0 0.00011415998482589 
36 0 0.000116659823229059 
37 0 0.000117493396111668 
38 0 0.000121658871843011 
39 0 0.00016665266728999 
40 0 0.000170818726694777 
41 0 0.000173318453996263 
42 0 0.000174151711707426 
43 0 0.000218309433895225 
44 0 0.000248302985207616 
45 0 0.000269963815381247 
46 0 0.000299955191030321 
47 0 0.00035493790926211 
48 0 0.000339942364806278 
49 0 0.00041324880085114 
50 0 0.000444902045191653 
51 0 0.000578168327047046 
52 0 0.000560678253303859 
53 0 0.000624807649795889 
54 0 0.000733901796829639 
55 0 0.000771374199781238 
56 0 0.000872127026371072 
57 0 0.000967042733653112 
58 0 0.00110107611452681 
59 0 0.001221775027198 
60 0 0.00129002617710039 
61 0 0.00133164063862212 
62 0 0.0015313690558143 
63 0 0.00167531842388324 
64 0 0.00186999513504871 
65 0 0.0019964338851145 
66 0 0.00231080820755669 
67 0 0.00236070108634079 
68 0 0.00278803406917305 
69 0 0.00290107800599015 
70 0 0.00332241057313742 
71 0 0.00359159325804448 
72 0 0.0039595564539775 
73 0 0.00453165788210319 
74 0 0.00464123702926966 
75 0 0.00518154440605412 
76 0 0.00579051866134395 
77 0 0.00627488774152996 
78 0 0.00659662283321971 
79 0 0.00737337545144978 
80 0 0.00797253112642016 
81 0 0.00909917065706378 
82 0 0.00922257518139813 
83 0 0.00975589127707488 
84 0 0.0113984175178207 
85 0 0.0123055564837874 
86 0 0.0130321892352834 
87 0 0.0144663603119005 
88 0 0.0158360675144769 
89 0 0.0168235786527264 
90 0 0.0176423859497958 
91 0 0.018711517073928 
92 0 0.0228909723481591 
93 0 0.0245080671540303 
94 0 0.0253502205257181 
95 0 0.0263186619568303 
96 0 0.0288957180501729 
97 0 0.0309135122463396 
98 0 0.0329913633131046 
99 0 0.0351208265809695 
100 0 0.037292524495085 
101 0 0.0833333333333333 
