** Period (Monthly) Age-Specific Probabilities of Death for Australia in 1961 
* Retrieved from the World Population Prospects 2024. Single age life tables up to age 100 Medium variant 
* https://population.un.org/wpp/assets/Excel%20Files/1_Indicator%20(Standard)/CSV_FILES/WPP2024_Life_Table_Complete_Medium_Female_1950-2023.csv.gz and 
* https://population.un.org/wpp/assets/Excel%20Files/1_Indicator%20(Standard)/CSV_FILES/WPP2024_Life_Table_Complete_Medium_Male_1950-2023.csv.gz and 
* United Nations. Population Division. Department of Economic and Social Affairs 
* Data downloaded on  03 Jul 2025 17:37:07 CEST 
** NB: The original WPP annual probabilities have been converted into monthly probabilities 
** The final age interval is limited to one year [100-101) 

death 1 F single 
1 0 0.00145905944035962 
2 0 0.000127491859978179 
3 0 0.0000799968545148744 
4 0 0.0000558321415637941 
5 0 0.0000583320441455148 
6 0 0.0000408325021981071 
7 0 0.0000366657264949666 
8 0 0.0000241665451951034 
9 0 0.0000283327480117279 
10 0 0.0000258328366956606 
11 0 0.0000258328366956606 
12 0 0.0000241665451951034 
13 0 0.0000241665451951034 
14 0 0.0000266664106883807 
15 0 0.0000258328366956606 
16 0 0.0000283327480117279 
17 0 0.0000341664196621405 
18 0 0.0000399987982981909 
19 0 0.0000324991417722797 
20 0 0.0000616650765675741 
21 0 0.0000524984891835389 
22 0 0.0000458323849097386 
23 0 0.0000458323849097386 
24 0 0.0000541653000921682 
25 0 0.0000558321415637941 
26 0 0.0000624981452916895 
27 0 0.000049165792834871 
28 0 0.0000649982312016517 
29 0 0.000060831181586618 
30 0 0.0000699977753336745 
31 0 0.0000633312216504756 
32 0 0.0000649982312016517 
33 0 0.0000724972335176544 
34 0 0.0000916628639935357 
35 0 0.0000899961995437515 
36 0 0.000104994776919165 
37 0 0.000129158377552785 
38 0 0.000123326116942768 
39 0 0.000125825372957022 
40 0 0.000124992558143577 
41 0 0.000148322604637041 
42 0 0.000142489948931956 
43 0 0.000210810921834836 
44 0 0.000184149730071081 
45 0 0.000190815129957 
46 0 0.000219143104171149 
47 0 0.00027829473554819 
48 0 0.000245803701571234 
49 0 0.000340775478638533 
50 0 0.000373264509197058 
51 0 0.000372431097468984 
52 0 0.000347439827735441 
53 0 0.000470723449578547 
54 0 0.000506539656609073 
55 0 0.000581499512432693 
56 0 0.000557346992746233 
57 0 0.000613147671791991 
58 0 0.000672277703208102 
59 0 0.000689765765253703 
60 0 0.000740563958660401 
61 0 0.000961215396021675 
62 0 0.00103864026095513 
63 0 0.00105529017768624 
64 0 0.00112688140438055 
65 0 0.00124341580978715 
66 0 0.00148227305869075 
67 0 0.00163621287905702 
68 0 0.00181259399749345 
69 0 0.00199144300333987 
70 0 0.00221434180173163 
71 0 0.00242888504961802 
72 0 0.00250288436033697 
73 0 0.00299167212773188 
74 0 0.00349190243815856 
75 0 0.00400855485436646 
76 0 0.00424438980602893 
77 0 0.00469021278495307 
78 0 0.00496577572868317 
79 0 0.00627903440213307 
80 0 0.00655682396063995 
81 0 0.00688680110013462 
82 0 0.00699042561891527 
83 0 0.00806450428251904 
84 0 0.00978901369529461 
85 0 0.0104985857596666 
86 0 0.0110896622114459 
87 0 0.0135469390108217 
88 0 0.0142627784632523 
89 0 0.0147013921569037 
90 0 0.0153063702583606 
91 0 0.01940488480554 
92 0 0.0196567652686166 
93 0 0.0197445985301858 
94 0 0.0229283278090402 
95 0 0.0257220247065912 
96 0 0.0270168535772586 
97 0 0.0290691335817643 
98 0 0.0311951070168024 
99 0 0.0333860621822175 
100 0 0.0356320401806571 
101 0 0.0833333333333333 

death 1 M single 
1 0 0.0018649729251291 
2 0 0.000159987369389158 
3 0 0.0000949954503661754 
4 0 0.0000749975944498438 
5 0 0.0000666644373789049 
6 0 0.0000333327768948788 
7 0 0.000038332247120576 
8 0 0.0000541653000921682 
9 0 0.000038332247120576 
10 0 0.000038332247120576 
11 0 0.0000358328944697339 
12 0 0.0000349992364201412 
13 0 0.0000449986351540588 
14 0 0.0000524984891835389 
15 0 0.0000524984891835389 
16 0 0.0000633312216504756 
17 0 0.0000733304015181346 
18 0 0.00010249442502086 
19 0 0.000124992558143577 
20 0 0.000156654068946604 
21 0 0.00012665902989617 
22 0 0.000152488658700212 
23 0 0.000131657793934314 
24 0 0.000147488748988067 
25 0 0.000113327276884068 
26 0 0.00011166021516984 
27 0 0.000137490589173339 
28 0 0.00011415998482589 
29 0 0.000123326116942768 
30 0 0.000120826095202364 
31 0 0.000146655735667411 
32 0 0.00011166021516984 
33 0 0.000134157279044644 
34 0 0.000143322924076039 
35 0 0.000169152280018903 
36 0 0.000155820971626253 
37 0 0.000157488008681206 
38 0 0.000182483038966952 
39 0 0.00023580558324654 
40 0 0.000226641468296762 
41 0 0.000279128120336369 
42 0 0.000277461358401787 
43 0 0.00035493790926211 
44 0 0.000332445520367708 
45 0 0.000347439827735441 
46 0 0.000407417534403987 
47 0 0.000462394135232413 
48 0 0.000485716296568572 
49 0 0.00051986636287793 
50 0 0.000586497358255555 
51 0 0.000716414476390259 
52 0 0.000720578098779345 
53 0 0.000789694214033188 
54 0 0.000878788395523133 
55 0 0.00105612313304382 
56 0 0.00110523800697848 
57 0 0.0011893121229607 
58 0 0.00132581522441255 
59 0 0.001501412306537 
60 0 0.00166283785173982 
61 0 0.0019473573065627 
62 0 0.00211121471539211 
63 0 0.00217109590959708 
64 0 0.00226174413627034 
65 0 0.00247461586688547 
66 0 0.00288777899074055 
67 0 0.00300829416429482 
68 0 0.00356085633856862 
69 0 0.00362565278039628 
70 0 0.00417131871162002 
71 0 0.00442456232553445 
72 0 0.00446524272910254 
73 0 0.00508528192947577 
74 0 0.00595226632809764 
75 0 0.00652034071838192 
76 0 0.00660740196840415 
77 0 0.00737337545144978 
78 0 0.00779686172417948 
79 0 0.00848620742540218 
80 0 0.00934928701109994 
81 0 0.010025829300935 
82 0 0.00957371269996465 
83 0 0.0114861578548714 
84 0 0.0124470792364869 
85 0 0.0145218078219647 
86 0 0.0151822268132422 
87 0 0.0165139769387442 
88 0 0.0171315414999832 
89 0 0.0194628806041378 
90 0 0.0207259198028993 
91 0 0.0226212214674627 
92 0 0.0250990931606228 
93 0 0.0256072272322007 
94 0 0.026595871274497 
95 0 0.0319347603344962 
96 0 0.0322579050736304 
97 0 0.0343913824682935 
98 0 0.0365712802551971 
99 0 0.0387873880843937 
100 0 0.0410288075468497 
101 0 0.0833333333333333 
