** Period (Monthly) Age-Specific Fertility Rates for Australia in 1969 
* Retrieved from the World Population Prospects 2024 
* https://population.un.org/wpp/assets/Excel%20Files/1_Indicator%20(Standard)/CSV_FILES/WPP2024_Fertility_by_Age1.csv.gz 
* United Nations. Population Division. Department of Economic and Social Affairs 
* Data downloaded on  03 Jul 2025 17:36:48 CEST 
** NB: The original WPP annual rates have been converted into monthly rates 

birth 1 F single 0 
15 0 0 
16 0 0.000743666666666667 
17 0 0.00140708333333333 
18 0 0.00362425 
19 0 0.00624733333333333 
20 0 0.00860858333333333 
21 0 0.0107841666666667 
22 0 0.0128721666666667 
23 0 0.0143155833333333 
24 0 0.0172895833333333 
25 0 0.017672 
26 0 0.0178351666666667 
27 0 0.0177608333333333 
28 0 0.0159588333333333 
29 0 0.0148236666666667 
30 0 0.0131526666666667 
31 0 0.0113719166666667 
32 0 0.00954058333333333 
33 0 0.00857425 
34 0 0.00719008333333333 
35 0 0.00626816666666667 
36 0 0.00547441666666667 
37 0 0.00444775 
38 0 0.00364883333333333 
39 0 0.00303025 
40 0 0.0025265 
41 0 0.0018665 
42 0 0.00128191666666667 
43 0 0.00097 
44 0 0.000636333333333333 
45 0 0.000349416666666667 
46 0 0.000194833333333333 
47 0 0.0000894166666666667 
48 0 0.0000435833333333333 
49 0 0.0000276666666666667 
50 0 0.0000311666666666667 
101 0 0 

birth 1 F married 0 
15 0 0 
16 0 0.000743666666666667 
17 0 0.00140708333333333 
18 0 0.00362425 
19 0 0.00624733333333333 
20 0 0.00860858333333333 
21 0 0.0107841666666667 
22 0 0.0128721666666667 
23 0 0.0143155833333333 
24 0 0.0172895833333333 
25 0 0.017672 
26 0 0.0178351666666667 
27 0 0.0177608333333333 
28 0 0.0159588333333333 
29 0 0.0148236666666667 
30 0 0.0131526666666667 
31 0 0.0113719166666667 
32 0 0.00954058333333333 
33 0 0.00857425 
34 0 0.00719008333333333 
35 0 0.00626816666666667 
36 0 0.00547441666666667 
37 0 0.00444775 
38 0 0.00364883333333333 
39 0 0.00303025 
40 0 0.0025265 
41 0 0.0018665 
42 0 0.00128191666666667 
43 0 0.00097 
44 0 0.000636333333333333 
45 0 0.000349416666666667 
46 0 0.000194833333333333 
47 0 0.0000894166666666667 
48 0 0.0000435833333333333 
49 0 0.0000276666666666667 
50 0 0.0000311666666666667 
101 0 0 
