** Period (Monthly) Age-Specific Fertility Rates for Australia in 1977 
* Retrieved from the World Population Prospects 2024 
* https://population.un.org/wpp/assets/Excel%20Files/1_Indicator%20(Standard)/CSV_FILES/WPP2024_Fertility_by_Age1.csv.gz 
* United Nations. Population Division. Department of Economic and Social Affairs 
* Data downloaded on  03 Jul 2025 17:36:50 CEST 
** NB: The original WPP annual rates have been converted into monthly rates 

birth 1 F single 0 
15 0 0 
16 0 0.000513416666666667 
17 0 0.00118833333333333 
18 0 0.00249308333333333 
19 0 0.00384758333333333 
20 0 0.00553458333333333 
21 0 0.0071865 
22 0 0.00891633333333333 
23 0 0.01022825 
24 0 0.0118995833333333 
25 0 0.0128020833333333 
26 0 0.0133720833333333 
27 0 0.0132801666666667 
28 0 0.0126203333333333 
29 0 0.0115429166666667 
30 0 0.01002275 
31 0 0.00854575 
32 0 0.0072935 
33 0 0.00597358333333333 
34 0 0.00472975 
35 0 0.00396825 
36 0 0.00294225 
37 0 0.00245466666666667 
38 0 0.00190825 
39 0 0.00151316666666667 
40 0 0.00111808333333333 
41 0 0.000767 
42 0 0.000514166666666667 
43 0 0.000421416666666667 
44 0 0.000244416666666667 
45 0 0.000126416666666667 
46 0 0.0000868333333333333 
47 0 0.00005425 
48 0 0.0000108333333333333 
49 0 0.0000108333333333333 
50 0 0.0000294166666666667 
101 0 0 

birth 1 F married 0 
15 0 0 
16 0 0.000513416666666667 
17 0 0.00118833333333333 
18 0 0.00249308333333333 
19 0 0.00384758333333333 
20 0 0.00553458333333333 
21 0 0.0071865 
22 0 0.00891633333333333 
23 0 0.01022825 
24 0 0.0118995833333333 
25 0 0.0128020833333333 
26 0 0.0133720833333333 
27 0 0.0132801666666667 
28 0 0.0126203333333333 
29 0 0.0115429166666667 
30 0 0.01002275 
31 0 0.00854575 
32 0 0.0072935 
33 0 0.00597358333333333 
34 0 0.00472975 
35 0 0.00396825 
36 0 0.00294225 
37 0 0.00245466666666667 
38 0 0.00190825 
39 0 0.00151316666666667 
40 0 0.00111808333333333 
41 0 0.000767 
42 0 0.000514166666666667 
43 0 0.000421416666666667 
44 0 0.000244416666666667 
45 0 0.000126416666666667 
46 0 0.0000868333333333333 
47 0 0.00005425 
48 0 0.0000108333333333333 
49 0 0.0000108333333333333 
50 0 0.0000294166666666667 
101 0 0 
