** Period (Monthly) Age-Specific Fertility Rates for Australia in 1984 
* Retrieved from the World Population Prospects 2024 
* https://population.un.org/wpp/assets/Excel%20Files/1_Indicator%20(Standard)/CSV_FILES/WPP2024_Fertility_by_Age1.csv.gz 
* United Nations. Population Division. Department of Economic and Social Affairs 
* Data downloaded on  03 Jul 2025 17:36:51 CEST 
** NB: The original WPP annual rates have been converted into monthly rates 

birth 1 F single 0 
15 0 0 
16 0 0.000451916666666667 
17 0 0.000848916666666667 
18 0 0.00181441666666667 
19 0 0.00287975 
20 0 0.0038785 
21 0 0.00512066666666667 
22 0 0.00645791666666667 
23 0 0.00794758333333333 
24 0 0.00945416666666667 
25 0 0.0108760833333333 
26 0 0.0118034166666667 
27 0 0.0124808333333333 
28 0 0.0125485833333333 
29 0 0.0116425833333333 
30 0 0.01093975 
31 0 0.00957983333333333 
32 0 0.00819925 
33 0 0.00685241666666667 
34 0 0.00538708333333333 
35 0 0.00435375 
36 0 0.00343675 
37 0 0.00266925 
38 0 0.0018505 
39 0 0.00144116666666667 
40 0 0.00104891666666667 
41 0 0.000709083333333333 
42 0 0.00045275 
43 0 0.00034175 
44 0 0.000179416666666667 
45 0 0.0001025 
46 0 0.0000329166666666667 
47 0 0.0000219166666666667 
48 0 0.0000055 
49 0 0.0000055 
50 0 0.0000125833333333333 
101 0 0 

birth 1 F married 0 
15 0 0 
16 0 0.000451916666666667 
17 0 0.000848916666666667 
18 0 0.00181441666666667 
19 0 0.00287975 
20 0 0.0038785 
21 0 0.00512066666666667 
22 0 0.00645791666666667 
23 0 0.00794758333333333 
24 0 0.00945416666666667 
25 0 0.0108760833333333 
26 0 0.0118034166666667 
27 0 0.0124808333333333 
28 0 0.0125485833333333 
29 0 0.0116425833333333 
30 0 0.01093975 
31 0 0.00957983333333333 
32 0 0.00819925 
33 0 0.00685241666666667 
34 0 0.00538708333333333 
35 0 0.00435375 
36 0 0.00343675 
37 0 0.00266925 
38 0 0.0018505 
39 0 0.00144116666666667 
40 0 0.00104891666666667 
41 0 0.000709083333333333 
42 0 0.00045275 
43 0 0.00034175 
44 0 0.000179416666666667 
45 0 0.0001025 
46 0 0.0000329166666666667 
47 0 0.0000219166666666667 
48 0 0.0000055 
49 0 0.0000055 
50 0 0.0000125833333333333 
101 0 0 
