** Period (Monthly) Age-Specific Probabilities of Death for Australia in 1988 
* Retrieved from the World Population Prospects 2024. Single age life tables up to age 100 Medium variant 
* https://population.un.org/wpp/assets/Excel%20Files/1_Indicator%20(Standard)/CSV_FILES/WPP2024_Life_Table_Complete_Medium_Female_1950-2023.csv.gz and 
* https://population.un.org/wpp/assets/Excel%20Files/1_Indicator%20(Standard)/CSV_FILES/WPP2024_Life_Table_Complete_Medium_Male_1950-2023.csv.gz and 
* United Nations. Population Division. Department of Economic and Social Affairs 
* Data downloaded on  03 Jul 2025 17:37:24 CEST 
** NB: The original WPP annual probabilities have been converted into monthly probabilities 
** The final age interval is limited to one year [100-101) 

death 1 F single 
1 0 0.000588306513698678 
2 0 0.0000649982312016517 
3 0 0.0000366657264949666 
4 0 0.0000208332202944472 
5 0 0.0000183335152015296 
6 0 0.0000133334777554506 
7 0 0.0000175000176134699 
8 0 0.0000133334777554506 
9 0 0.0000149995707006134 
10 0 0.0000133334777554506 
11 0 0.00000833371530217786 
12 0 0.0000149995707006134 
13 0 0.00000999971661719279 
14 0 0.0000116665819044348 
15 0 0.0000149995707006134 
16 0 0.0000183335152015296 
17 0 0.0000274999923247643 
18 0 0.0000399987982981909 
19 0 0.0000408325021981071 
20 0 0.0000349992364201412 
21 0 0.0000449986351540588 
22 0 0.0000424990992133889 
23 0 0.0000416662137441293 
24 0 0.0000349992364201412 
25 0 0.0000433319923137665 
26 0 0.0000349992364201412 
27 0 0.0000399987982981909 
28 0 0.0000374993998274453 
29 0 0.000050831708836796 
30 0 0.0000366657264949666 
31 0 0.0000408325021981071 
32 0 0.000050831708836796 
33 0 0.0000424990992133889 
34 0 0.0000433319923137665 
35 0 0.0000599981281388384 
36 0 0.0000574981797391017 
37 0 0.0000566651568346677 
38 0 0.0000649982312016517 
39 0 0.0000649982312016517 
40 0 0.0000899961995437515 
41 0 0.0000791636254107164 
42 0 0.0000999949761474328 
43 0 0.0000858296721063523 
44 0 0.000119992491757204 
45 0 0.000124992558143577 
46 0 0.000143322924076039 
47 0 0.000171651961490049 
48 0 0.000194148013207274 
49 0 0.000190815129957 
50 0 0.000189981719470489 
51 0 0.000253301758672886 
52 0 0.000213310913978915 
53 0 0.000286625583478806 
54 0 0.000303287898416049 
55 0 0.000339109258611359 
56 0 0.00036410074724802 
57 0 0.000423244693038338 
58 0 0.000430741496539655 
59 0 0.000502374937995431 
60 0 0.000568173826519192 
61 0 0.000548184769593618 
62 0 0.000643962560745281 
63 0 0.000703923074450552 
64 0 0.000809678471972441 
65 0 0.000866299044583685 
66 0 0.000950392144342116 
67 0 0.00105862035875892 
68 0 0.0011576812038635 
69 0 0.00117682642819927 
70 0 0.00142734881009743 
71 0 0.00153386582728443 
72 0 0.001774324923843 
73 0 0.0018500295817524 
74 0 0.00219854083512261 
75 0 0.00245798606771075 
76 0 0.00272652053817268 
77 0 0.00304403092463701 
78 0 0.0033938662333185 
79 0 0.00381670241885301 
80 0 0.00443203416938009 
81 0 0.00491182965289605 
82 0 0.00514171282414566 
83 0 0.00593235977367101 
84 0 0.00694648936294451 
85 0 0.00775542896270776 
86 0 0.00848786401511781 
87 0 0.00872975242975715 
88 0 0.0107709541846581 
89 0 0.0116252145061165 
90 0 0.0121921684885977 
91 0 0.013657002181455 
92 0 0.0153146462922078 
93 0 0.0173650142673855 
94 0 0.0195747356991542 
95 0 0.0210036596481944 
96 0 0.0227191948383767 
97 0 0.0248080772026199 
98 0 0.027006528114717 
99 0 0.0293063592825509 
100 0 0.0316971768856796 
101 0 0.0833333333333333 

death 1 M single 
1 0 0.000779496547026914 
2 0 0.0000549983000887044 
3 0 0.0000408325021981071 
4 0 0.0000266664106883807 
5 0 0.0000175000176134699 
6 0 0.0000216667484441713 
7 0 0.0000250001039088232 
8 0 0.0000149995707006134 
9 0 0.0000199996997872764 
10 0 0.0000125000260093877 
11 0 0.0000224994506968779 
12 0 0.0000166665276674083 
13 0 0.0000224994506968779 
14 0 0.0000241665451951034 
15 0 0.0000308327280768017 
16 0 0.0000366657264949666 
17 0 0.0000624981452916895 
18 0 0.000105827408531933 
19 0 0.000112493742205344 
20 0 0.000137490589173339 
21 0 0.000129991230535031 
22 0 0.000125825372957022 
23 0 0.000131657793934314 
24 0 0.000119159730383234 
25 0 0.000127491859978179 
26 0 0.000147488748988067 
27 0 0.000103327868011815 
28 0 0.000110827530127589 
29 0 0.000113327276884068 
30 0 0.000124992558143577 
31 0 0.000118326142219627 
32 0 0.0000933287248128245 
33 0 0.000120826095202364 
34 0 0.000123326116942768 
35 0 0.000113327276884068 
36 0 0.000127491859978179 
37 0 0.000120826095202364 
38 0 0.00011166021516984 
39 0 0.000134157279044644 
40 0 0.000124158916488093 
41 0 0.000157488008681206 
42 0 0.000173318453996263 
43 0 0.00017498497705748 
44 0 0.000203313028358298 
45 0 0.00023247284304484 
46 0 0.000212477297195868 
47 0 0.00026913051462274 
48 0 0.000286625583478806 
49 0 0.000289125153974834 
50 0 0.000316616605266495 
51 0 0.000400753807629384 
52 0 0.000414914706526215 
53 0 0.000485716296568572 
54 0 0.000566508462828574 
55 0 0.000627306471148392 
56 0 0.000674776151491363 
57 0 0.00068060529177838 
58 0 0.000811344095343003 
59 0 0.000892943218192221 
60 0 0.00110607057706669 
61 0 0.00114186565592278 
62 0 0.00125590137097353 
63 0 0.00148726566423862 
64 0 0.0015804636399025 
65 0 0.00172024622418554 
66 0 0.00191657865836126 
67 0 0.00203220010759586 
68 0 0.00232494448694665 
69 0 0.00251286201774137 
70 0 0.00268661851158958 
71 0 0.00298086745775572 
72 0 0.00335232304910005 
73 0 0.00373197885937893 
74 0 0.00402765566919694 
75 0 0.0045059230350829 
76 0 0.00508362226354797 
77 0 0.00547527410678683 
78 0 0.00590664755120729 
79 0 0.00679311955851158 
80 0 0.00721589413009915 
81 0 0.00809764667197999 
82 0 0.00860881138875613 
83 0 0.00973601736377505 
84 0 0.0103959254069753 
85 0 0.0116541843738939 
86 0 0.0123055564837874 
87 0 0.0125612897118974 
88 0 0.0151135335455151 
89 0 0.0161464567766164 
90 0 0.0182162424476527 
91 0 0.0201697267457793 
92 0 0.0204507058262389 
93 0 0.0239031968977366 
94 0 0.0263053427909975 
95 0 0.0234862608918456 
96 0 0.0284006018706557 
97 0 0.0304905242207079 
98 0 0.0326475913835967 
99 0 0.0348624186696274 
100 0 0.0371244979538932 
101 0 0.0833333333333333 
