** Period (Monthly) Age-Specific Fertility Rates for Australia in 1963 
* Retrieved from the World Population Prospects 2024 
* https://population.un.org/wpp/assets/Excel%20Files/1_Indicator%20(Standard)/CSV_FILES/WPP2024_Fertility_by_Age1.csv.gz 
* United Nations. Population Division. Department of Economic and Social Affairs 
* Data downloaded on  03 Jul 2025 17:36:47 CEST 
** NB: The original WPP annual rates have been converted into monthly rates 

birth 1 F single 0 
15 0 0 
16 0 0.000330166666666667 
17 0 0.00125666666666667 
18 0 0.00347608333333333 
19 0 0.00595866666666667 
20 0 0.00867125 
21 0 0.012556 
22 0 0.0152643333333333 
23 0 0.018217 
24 0 0.02039375 
25 0 0.0199091666666667 
26 0 0.01988675 
27 0 0.0188460833333333 
28 0 0.0176605833333333 
29 0 0.01613975 
30 0 0.0146139166666667 
31 0 0.0133724166666667 
32 0 0.0112775833333333 
33 0 0.01017025 
34 0 0.00898358333333333 
35 0 0.00784725 
36 0 0.006648 
37 0 0.00590291666666667 
38 0 0.00482383333333333 
39 0 0.00409116666666667 
40 0 0.00338508333333333 
41 0 0.00272258333333333 
42 0 0.00184708333333333 
43 0 0.00147 
44 0 0.000957416666666667 
45 0 0.000556916666666667 
46 0 0.000262083333333333 
47 0 0.000147333333333333 
48 0 0.0000494166666666667 
49 0 0.0000265 
50 0 0.00002725 
101 0 0 

birth 1 F married 0 
15 0 0 
16 0 0.000330166666666667 
17 0 0.00125666666666667 
18 0 0.00347608333333333 
19 0 0.00595866666666667 
20 0 0.00867125 
21 0 0.012556 
22 0 0.0152643333333333 
23 0 0.018217 
24 0 0.02039375 
25 0 0.0199091666666667 
26 0 0.01988675 
27 0 0.0188460833333333 
28 0 0.0176605833333333 
29 0 0.01613975 
30 0 0.0146139166666667 
31 0 0.0133724166666667 
32 0 0.0112775833333333 
33 0 0.01017025 
34 0 0.00898358333333333 
35 0 0.00784725 
36 0 0.006648 
37 0 0.00590291666666667 
38 0 0.00482383333333333 
39 0 0.00409116666666667 
40 0 0.00338508333333333 
41 0 0.00272258333333333 
42 0 0.00184708333333333 
43 0 0.00147 
44 0 0.000957416666666667 
45 0 0.000556916666666667 
46 0 0.000262083333333333 
47 0 0.000147333333333333 
48 0 0.0000494166666666667 
49 0 0.0000265 
50 0 0.00002725 
101 0 0 
