** Period (Monthly) Age-Specific Probabilities of Death for Australia in 1985 
* Retrieved from the World Population Prospects 2024. Single age life tables up to age 100 Medium variant 
* https://population.un.org/wpp/assets/Excel%20Files/1_Indicator%20(Standard)/CSV_FILES/WPP2024_Life_Table_Complete_Medium_Female_1950-2023.csv.gz and 
* https://population.un.org/wpp/assets/Excel%20Files/1_Indicator%20(Standard)/CSV_FILES/WPP2024_Life_Table_Complete_Medium_Male_1950-2023.csv.gz and 
* United Nations. Population Division. Department of Economic and Social Affairs 
* Data downloaded on  03 Jul 2025 17:37:22 CEST 
** NB: The original WPP annual probabilities have been converted into monthly probabilities 
** The final age interval is limited to one year [100-101) 

death 1 F single 
1 0 0.000724079149864831 
2 0 0.0000566651568346677 
3 0 0.0000416662137441293 
4 0 0.0000274999923247643 
5 0 0.0000208332202944472 
6 0 0.0000175000176134699 
7 0 0.0000241665451951034 
8 0 0.0000141669371428454 
9 0 0.0000158330453632338 
10 0 0.0000108331454403698 
11 0 0.0000108331454403698 
12 0 0.0000141669371428454 
13 0 0.0000108331454403698 
14 0 0.0000116665819044348 
15 0 0.0000175000176134699 
16 0 0.0000241665451951034 
17 0 0.0000224994506968779 
18 0 0.0000416662137441293 
19 0 0.0000483320125058695 
20 0 0.000038332247120576 
21 0 0.0000433319923137665 
22 0 0.0000408325021981071 
23 0 0.0000358328944697339 
24 0 0.000047499073593138 
25 0 0.000050831708836796 
26 0 0.000039165935736496 
27 0 0.0000483320125058695 
28 0 0.000049165792834871 
29 0 0.0000449986351540588 
30 0 0.000049165792834871 
31 0 0.000039165935736496 
32 0 0.0000499987470196084 
33 0 0.0000516655120934573 
34 0 0.0000466653085511304 
35 0 0.0000591650823251744 
36 0 0.0000516655120934573 
37 0 0.0000599981281388384 
38 0 0.0000783304039441157 
39 0 0.0000733304015181346 
40 0 0.0000799968545148744 
41 0 0.0000724972335176544 
42 0 0.0000833298473094102 
43 0 0.000104994776919165 
44 0 0.000129991230535031 
45 0 0.000140823186918437 
46 0 0.000176651530674921 
47 0 0.000161653648042992 
48 0 0.000206645534704064 
49 0 0.000182483038966952 
50 0 0.000257466777560111 
51 0 0.000224141944852319 
52 0 0.000271629603992407 
53 0 0.000318283249207019 
54 0 0.000368265826905523 
55 0 0.000388258858432078 
56 0 0.00042407773368891 
57 0 0.000427409972660997 
58 0 0.000503207866447086 
59 0 0.000539023470264022 
60 0 0.000628138867463712 
61 0 0.000628972110526371 
62 0 0.000653956169614056 
63 0 0.00072557436155074 
64 0 0.000841319605842439 
65 0 0.000974535694668321 
66 0 0.00103780746593629 
67 0 0.00101949296380943 
68 0 0.00122510456244496 
69 0 0.00131749252380975 
70 0 0.00159710551769743 
71 0 0.00163787676407312 
72 0 0.0019540111981815 
73 0 0.00227504990657912 
74 0 0.00226340757120524 
75 0 0.0027074009867587 
76 0 0.0029376487418602 
77 0 0.00311134593012807 
78 0 0.00362149936163558 
79 0 0.00396869201070371 
80 0 0.00474333754296885 
81 0 0.00536990235075452 
82 0 0.00520146015850609 
83 0 0.00647058919498633 
84 0 0.00719931612259528 
85 0 0.00871815606113624 
86 0 0.00978238953650379 
87 0 0.0104042048309614 
88 0 0.0119082836503167 
89 0 0.0123510740962756 
90 0 0.0144167053842511 
91 0 0.0148975305802594 
92 0 0.0155695593469316 
93 0 0.0186850107045526 
94 0 0.0205161903408824 
95 0 0.0215484834410916 
96 0 0.0235801717481594 
97 0 0.0255189043704468 
98 0 0.0275463556572035 
99 0 0.0296558783142346 
100 0 0.0318393273663392 
101 0 0.0833333333333333 

death 1 M single 
1 0 0.00091829630709872 
2 0 0.0000666644373789049 
3 0 0.0000416662137441293 
4 0 0.000049165792834871 
5 0 0.0000333327768948788 
6 0 0.0000283327480117279 
7 0 0.0000266664106883807 
8 0 0.0000283327480117279 
9 0 0.0000183335152015296 
10 0 0.0000166665276674083 
11 0 0.000023332994124492 
12 0 0.000023332994124492 
13 0 0.000023332994124492 
14 0 0.000029166344928 
15 0 0.000023332994124492 
16 0 0.0000399987982981909 
17 0 0.0000549983000887044 
18 0 0.0000991615637143672 
19 0 0.00013832351850418 
20 0 0.000128325532201545 
21 0 0.000143322924076039 
22 0 0.000130824925681949 
23 0 0.000134157279044644 
24 0 0.000124992558143577 
25 0 0.000137490589173339 
26 0 0.000124158916488093 
27 0 0.000106660882083109 
28 0 0.000110827530127589 
29 0 0.000122492490570281 
30 0 0.0000991615637143672 
31 0 0.0000999949761474328 
32 0 0.000130824925681949 
33 0 0.000113327276884068 
34 0 0.000115826257990559 
35 0 0.000104161318644547 
36 0 0.000108327852112788 
37 0 0.000119159730383234 
38 0 0.000124158916488093 
39 0 0.000118326142219627 
40 0 0.000123326116942768 
41 0 0.000137490589173339 
42 0 0.000144989731928336 
43 0 0.00020414572588634 
44 0 0.000233306643244613 
45 0 0.000220808796943528 
46 0 0.000255800412828022 
47 0 0.000277461358401787 
48 0 0.000323281691818389 
49 0 0.000339109258611359 
50 0 0.000353271429551993 
51 0 0.000432407722937178 
52 0 0.000459895657317189 
53 0 0.000529028245332852 
54 0 0.000616479300958317 
55 0 0.00068060529177838 
56 0 0.000739731371747432 
57 0 0.000798020804158139 
58 0 0.000960382468488397 
59 0 0.00107943211961858 
60 0 0.00114103275758159 
61 0 0.0013382994374791 
62 0 0.00135078283004109 
63 0 0.0015613255216046 
64 0 0.00168031062400376 
65 0 0.00191741104354437 
66 0 0.00219188776621326 
67 0 0.00203136837300222 
68 0 0.00242722200059253 
69 0 0.00271903864371048 
70 0 0.00299915158082054 
71 0 0.0033539841340865 
72 0 0.00356417926135588 
73 0 0.00397367455951492 
74 0 0.00433821493759812 
75 0 0.00481555045004922 
76 0 0.00518486383476391 
77 0 0.00569180378915624 
78 0 0.00623176500253242 
79 0 0.0071537269658033 
80 0 0.0078507242459086 
81 0 0.00852431486256966 
82 0 0.00901468923089488 
83 0 0.0103528736546171 
84 0 0.0117179172078444 
85 0 0.0119504956666535 
86 0 0.0141229197357553 
87 0 0.014343052621922 
88 0 0.0174916921779892 
89 0 0.0167681141335658 
90 0 0.0195101080039387 
91 0 0.0200561844631353 
92 0 0.022998887840617 
93 0 0.0244066820495342 
94 0 0.0258534736684498 
95 0 0.0270005831862882 
96 0 0.0296635714277116 
97 0 0.0316549356824538 
98 0 0.0337006854501927 
99 0 0.0357926647347785 
100 0 0.0379219120345369 
101 0 0.0833333333333333 
