** Period (Monthly) Age-Specific Probabilities of Death for Australia in 2001 
* Retrieved from the World Population Prospects 2024. Single age life tables up to age 100 Medium variant 
* https://population.un.org/wpp/assets/Excel%20Files/1_Indicator%20(Standard)/CSV_FILES/WPP2024_Life_Table_Complete_Medium_Female_1950-2023.csv.gz and 
* https://population.un.org/wpp/assets/Excel%20Files/1_Indicator%20(Standard)/CSV_FILES/WPP2024_Life_Table_Complete_Medium_Male_1950-2023.csv.gz and 
* United Nations. Population Division. Department of Economic and Social Affairs 
* Data downloaded on  03 Jul 2025 17:37:32 CEST 
** NB: The original WPP annual probabilities have been converted into monthly probabilities 
** The final age interval is limited to one year [100-101) 

death 1 F single 
1 0 0.000363529297816134 
2 0 0.000038332247120576 
3 0 0.0000133334777554506 
4 0 0.0000125000260093877 
5 0 0.0000141669371428454 
6 0 0.0000133334777554506 
7 0 0.00000750030939278279 
8 0 0.00000416676215586609 
9 0 0.00000750030939278279 
10 0 0.00000916629543457059 
11 0 0.00000416676215586609 
12 0 0.00000916629543457059 
13 0 0.00000916629543457059 
14 0 0.00000750030939278279 
15 0 0.0000108331454403698 
16 0 0.0000175000176134699 
17 0 0.0000175000176134699 
18 0 0.0000158330453632338 
19 0 0.0000274999923247643 
20 0 0.0000208332202944472 
21 0 0.0000416662137441293 
22 0 0.0000324991417722797 
23 0 0.000023332994124492 
24 0 0.0000208332202944472 
25 0 0.0000274999923247643 
26 0 0.0000324991417722797 
27 0 0.000023332994124492 
28 0 0.0000333327768948788 
29 0 0.000029166344928 
30 0 0.0000274999923247643 
31 0 0.0000341664196621405 
32 0 0.0000441657267835627 
33 0 0.0000416662137441293 
34 0 0.0000366657264949666 
35 0 0.000050831708836796 
36 0 0.0000516655120934573 
37 0 0.0000516655120934573 
38 0 0.0000574981797391017 
39 0 0.0000658313304726654 
40 0 0.0000674975519204812 
41 0 0.0000758307853678808 
42 0 0.0000791636254107164 
43 0 0.0000899961995437515 
44 0 0.0000974955959988089 
45 0 0.0000983281589223006 
46 0 0.000115826257990559 
47 0 0.00010249442502086 
48 0 0.000124158916488093 
49 0 0.00013832351850418 
50 0 0.000149155633233922 
51 0 0.000163319957243613 
52 0 0.000187482368914638 
53 0 0.000191648548085177 
54 0 0.000224974833229918 
55 0 0.00024413671508694 
56 0 0.000254134914314252 
57 0 0.00028579296589526 
58 0 0.000305787091089527 
59 0 0.000335777746620414 
60 0 0.00043823808122001 
61 0 0.000389924306042122 
62 0 0.00041907960433285 
63 0 0.00050487374625674 
64 0 0.00051570187147465 
65 0 0.000564009636004781 
66 0 0.000638132414189418 
67 0 0.000685601875497932 
68 0 0.000828829518672691 
69 0 0.000887114742148198 
70 0 0.000978698530732403 
71 0 0.0011218874845117 
72 0 0.0012692184914429 
73 0 0.00131998933843491 
74 0 0.0016012656158072 
75 0 0.00174104628851479 
76 0 0.0019307200302412 
77 0 0.00204717178199532 
78 0 0.00238980418558521 
79 0 0.00266999184134642 
80 0 0.00307561106989318 
81 0 0.00362149936163558 
82 0 0.00406751746848932 
83 0 0.0045258473912172 
84 0 0.00540889960538848 
85 0 0.00590001163363574 
86 0 0.00665549082512407 
87 0 0.00761206316037766 
88 0 0.00864111761138797 
89 0 0.0101094555190321 
90 0 0.0104836843599133 
91 0 0.0122509321963464 
92 0 0.0138721685131601 
93 0 0.0156639120090599 
94 0 0.0175653829041892 
95 0 0.0202343736162147 
96 0 0.0216771902756299 
97 0 0.0239966292739064 
98 0 0.0264613138202645 
99 0 0.029060184984975 
100 0 0.0317784711921119 
101 0 0.0833333333333333 

death 1 M single 
1 0 0.000488010218462231 
2 0 0.0000299999494883796 
3 0 0.0000308327280768017 
4 0 0.0000199996997872764 
5 0 0.0000116665819044348 
6 0 0.0000141669371428454 
7 0 0.0000108331454403698 
8 0 0.0000183335152015296 
9 0 0.00000999971661719279 
10 0 0.00000750030939278279 
11 0 0.00000999971661719279 
12 0 0.00000750030939278279 
13 0 0.0000166665276674083 
14 0 0.0000158330453632338 
15 0 0.0000158330453632338 
16 0 0.0000333327768948788 
17 0 0.000038332247120576 
18 0 0.0000591650823251744 
19 0 0.0000749975944498438 
20 0 0.0000833298473094102 
21 0 0.0000833298473094102 
22 0 0.0000866629623158532 
23 0 0.0000758307853678808 
24 0 0.0000866629623158532 
25 0 0.0000899961995437515 
26 0 0.0000924953734962042 
27 0 0.0000849963895356298 
28 0 0.0000833298473094102 
29 0 0.0000858296721063523 
30 0 0.0000974955959988089 
31 0 0.000101661823937227 
32 0 0.000095828824603239 
33 0 0.0000983281589223006 
34 0 0.000104161318644547 
35 0 0.000101661823937227 
36 0 0.000101661823937227 
37 0 0.000105827408531933 
38 0 0.000113327276884068 
39 0 0.000129158377552785 
40 0 0.000125825372957022 
41 0 0.000120826095202364 
42 0 0.000125825372957022 
43 0 0.000129991230535031 
44 0 0.000172485203923878 
45 0 0.000170818726694777 
46 0 0.000197480183529275 
47 0 0.000179983894598057 
48 0 0.000193314572160319 
49 0 0.00023413961561114 
50 0 0.000241637546014029 
51 0 0.000270797123780198 
52 0 0.000251635470302713 
53 0 0.000309119176175154 
54 0 0.000339109258611359 
55 0 0.00036909920043493 
56 0 0.000421578634647091 
57 0 0.0004873826935341 
58 0 0.000546518933883577 
59 0 0.00057233820789615 
60 0 0.000640631602063957 
61 0 0.000755552668415205 
62 0 0.000739731371747432 
63 0 0.00083965427379451 
64 0 0.00098202927392621 
65 0 0.00104696525923964 
66 0 0.00117682642819927 
67 0 0.00131166632640078 
68 0 0.00142318736344405 
69 0 0.00151639071640863 
70 0 0.0017360541440673 
71 0 0.00195234831811009 
72 0 0.0021686011728882 
73 0 0.0023681842639609 
74 0 0.00283125800968165 
75 0 0.00298751666424324 
76 0 0.00335564611424854 
77 0 0.00365804973788808 
78 0 0.00426763956787912 
79 0 0.00444448715475576 
80 0 0.00514918062627068 
81 0 0.00566193925726222 
82 0 0.00658916083286687 
83 0 0.00690338116210754 
84 0 0.00806201829721387 
85 0 0.00886973954679637 
86 0 0.00989251841584482 
87 0 0.0116070049439716 
88 0 0.0125637729344363 
89 0 0.0144067747674429 
90 0 0.0155132793114862 
91 0 0.0166753984148742 
92 0 0.0180820843640707 
93 0 0.0188515014480386 
94 0 0.0213535891402814 
95 0 0.0233824618988803 
96 0 0.0255128082501097 
97 0 0.0275817805840579 
98 0 0.029736033803195 
99 0 0.0319668782637618 
100 0 0.0342640822670818 
101 0 0.0833333333333333 
