** Period (Monthly) Age-Specific Probabilities of Death for Australia in 1967 
* Retrieved from the World Population Prospects 2024. Single age life tables up to age 100 Medium variant 
* https://population.un.org/wpp/assets/Excel%20Files/1_Indicator%20(Standard)/CSV_FILES/WPP2024_Life_Table_Complete_Medium_Female_1950-2023.csv.gz and 
* https://population.un.org/wpp/assets/Excel%20Files/1_Indicator%20(Standard)/CSV_FILES/WPP2024_Life_Table_Complete_Medium_Male_1950-2023.csv.gz and 
* United Nations. Population Division. Department of Economic and Social Affairs 
* Data downloaded on  03 Jul 2025 17:37:11 CEST 
** NB: The original WPP annual probabilities have been converted into monthly probabilities 
** The final age interval is limited to one year [100-101) 

death 1 F single 
1 0 0.00131201803515868 
2 0 0.000124992558143577 
3 0 0.00006916463787765 
4 0 0.0000399987982981909 
5 0 0.0000408325021981071 
6 0 0.0000308327280768017 
7 0 0.0000224994506968779 
8 0 0.000029166344928 
9 0 0.0000299999494883796 
10 0 0.0000250001039088232 
11 0 0.0000133334777554506 
12 0 0.000023332994124492 
13 0 0.0000266664106883807 
14 0 0.0000149995707006134 
15 0 0.0000258328366956606 
16 0 0.0000258328366956606 
17 0 0.0000324991417722797 
18 0 0.0000416662137441293 
19 0 0.0000499987470196084 
20 0 0.0000533323077286374 
21 0 0.0000649982312016517 
22 0 0.0000558321415637941 
23 0 0.000039165935736496 
24 0 0.000049165792834871 
25 0 0.0000458323849097386 
26 0 0.0000549983000887044 
27 0 0.000050831708836796 
28 0 0.0000516655120934573 
29 0 0.0000533323077286374 
30 0 0.000060831181586618 
31 0 0.0000574981797391017 
32 0 0.0000541653000921682 
33 0 0.0000724972335176544 
34 0 0.0000949954503661754 
35 0 0.0000874962601642437 
36 0 0.000082496587653802 
37 0 0.0000974955959988089 
38 0 0.0000908295279488103 
39 0 0.000131657793934314 
40 0 0.000155820971626253 
41 0 0.000179150583419108 
42 0 0.000165819478322393 
43 0 0.000221642490145002 
44 0 0.00020414572588634 
45 0 0.000209978163241198 
46 0 0.000248302985207616 
47 0 0.000294957195131618 
48 0 0.00031245138343361 
49 0 0.000353271429551993 
50 0 0.000384093699213994 
51 0 0.000432407722937178 
52 0 0.00041324880085114 
53 0 0.000489048283231153 
54 0 0.000562344348638666 
55 0 0.000593159623198281 
56 0 0.000570672767873703 
57 0 0.000700591596185074 
58 0 0.000718080070435168 
59 0 0.000767210769804683 
60 0 0.000912093312301576 
61 0 0.000950392144342116 
62 0 0.000977033204941358 
63 0 0.00114602773049377 
64 0 0.00127920592349162 
65 0 0.00130916889522514 
66 0 0.00143983175484164 
67 0 0.00169279105231912 
68 0 0.00189994191852549 
69 0 0.00177266108459861 
70 0 0.00207960965144283 
71 0 0.0025951709460742 
72 0 0.00245798606771075 
73 0 0.00315040439439107 
74 0 0.0034686405737232 
75 0 0.00372201107464265 
76 0 0.00440712721399994 
77 0 0.00476574884981151 
78 0 0.00490933921653636 
79 0 0.00550929035224512 
80 0 0.00643161608215126 
81 0 0.00675332468890799 
82 0 0.00709736049537568 
83 0 0.00823766789465052 
84 0 0.00972690929564191 
85 0 0.0105134877561656 
86 0 0.0110408233717433 
87 0 0.0125017024420563 
88 0 0.014341396848974 
89 0 0.0143314667607122 
90 0 0.0163277298602452 
91 0 0.0182882918891247 
92 0 0.0180671798259215 
93 0 0.0216820189088899 
94 0 0.0220810307490069 
95 0 0.0249876818560375 
96 0 0.0265909122451375 
97 0 0.0286239088708116 
98 0 0.0307320970948515 
99 0 0.0329070805258694 
100 0 0.0351391969951684 
101 0 0.0833333333333333 

death 1 M single 
1 0 0.00170807535663975 
2 0 0.00013915729007774 
3 0 0.0000866629623158532 
4 0 0.0000641643056439323 
5 0 0.0000424990992133889 
6 0 0.000039165935736496 
7 0 0.000039165935736496 
8 0 0.000039165935736496 
9 0 0.0000399987982981909 
10 0 0.0000374993998274453 
11 0 0.000031666347917958 
12 0 0.000023332994124492 
13 0 0.0000308327280768017 
14 0 0.0000399987982981909 
15 0 0.0000458323849097386 
16 0 0.0000558321415637941 
17 0 0.0000724972335176544 
18 0 0.000104994776919165 
19 0 0.000139990234681586 
20 0 0.000167485863895145 
21 0 0.000173318453996263 
22 0 0.000159154241516912 
23 0 0.000130824925681949 
24 0 0.00012665902989617 
25 0 0.000130824925681949 
26 0 0.000119159730383234 
27 0 0.000109994018370752 
28 0 0.000109994018370752 
29 0 0.000135823918829381 
30 0 0.000129158377552785 
31 0 0.000119992491757204 
32 0 0.00011499353478428 
33 0 0.000113327276884068 
34 0 0.000134991012402996 
35 0 0.000172485203923878 
36 0 0.000157488008681206 
37 0 0.000182483038966952 
38 0 0.000164153123299315 
39 0 0.000213310913978915 
40 0 0.000208311833698072 
41 0 0.000255800412828022 
42 0 0.000268297221504454 
43 0 0.000338276160053774 
44 0 0.000351604980400877 
45 0 0.000398254512944285 
46 0 0.000402419484254457 
47 0 0.000462394135232413 
48 0 0.000541521609995876 
49 0 0.000592326708515611 
50 0 0.000678939545078472 
51 0 0.000684768952520898 
52 0 0.000667281012764476 
53 0 0.000870461970753023 
54 0 0.00101366478792997 
55 0 0.000978698530732403 
56 0 0.00109691356935648 
57 0 0.001323318249565 
58 0 0.00151472651488382 
59 0 0.00156548652353339 
60 0 0.00179345956821164 
61 0 0.00182507222674888 
62 0 0.00200891016089444 
63 0 0.00237899486371951 
64 0 0.00260265291629391 
65 0 0.00268412414499819 
66 0 0.00294845342595107 
67 0 0.00334650646523449 
68 0 0.00407250022915528 
69 0 0.00388397841433907 
70 0 0.00406087392364696 
71 0 0.00429836136271455 
72 0 0.00464953816126024 
73 0 0.00580296199860852 
74 0 0.00633127826576951 
75 0 0.00686773302780885 
76 0 0.00713300387124383 
77 0 0.00770819333794803 
78 0 0.00815233022062067 
79 0 0.00886891140738322 
80 0 0.00970455087788535 
81 0 0.00984118088900987 
82 0 0.0108065513934212 
83 0 0.0120191908343886 
84 0 0.0129088804147062 
85 0 0.0137430706091046 
86 0 0.0139954766791384 
87 0 0.0168020536138507 
88 0 0.0189417902450043 
89 0 0.0187670127211305 
90 0 0.0201630954207425 
91 0 0.0214813029885516 
92 0 0.020837839403177 
93 0 0.0242031022838332 
94 0 0.024075987376987 
95 0 0.0327159158472111 
96 0 0.0302091003708039 
97 0 0.0321025126124925 
98 0 0.0340428634396626 
99 0 0.0360231469028377 
100 0 0.0380357428238127 
101 0 0.0833333333333333 
