** Period (Monthly) Age-Specific Probabilities of Death for Australia in 1986 
* Retrieved from the World Population Prospects 2024. Single age life tables up to age 100 Medium variant 
* https://population.un.org/wpp/assets/Excel%20Files/1_Indicator%20(Standard)/CSV_FILES/WPP2024_Life_Table_Complete_Medium_Female_1950-2023.csv.gz and 
* https://population.un.org/wpp/assets/Excel%20Files/1_Indicator%20(Standard)/CSV_FILES/WPP2024_Life_Table_Complete_Medium_Male_1950-2023.csv.gz and 
* United Nations. Population Division. Department of Economic and Social Affairs 
* Data downloaded on  03 Jul 2025 17:37:23 CEST 
** NB: The original WPP annual probabilities have been converted into monthly probabilities 
** The final age interval is limited to one year [100-101) 

death 1 F single 
1 0 0.000629721448427434 
2 0 0.0000533323077286374 
3 0 0.0000341664196621405 
4 0 0.0000241665451951034 
5 0 0.0000191661869225479 
6 0 0.0000191661869225479 
7 0 0.0000183335152015296 
8 0 0.0000175000176134699 
9 0 0.00000833371530217786 
10 0 0.0000158330453632338 
11 0 0.0000133334777554506 
12 0 0.00000583352049443597 
13 0 0.0000141669371428454 
14 0 0.0000149995707006134 
15 0 0.0000158330453632338 
16 0 0.0000125000260093877 
17 0 0.0000366657264949666 
18 0 0.0000416662137441293 
19 0 0.0000358328944697339 
20 0 0.0000424990992133889 
21 0 0.000049165792834871 
22 0 0.0000483320125058695 
23 0 0.0000433319923137665 
24 0 0.0000399987982981909 
25 0 0.0000358328944697339 
26 0 0.0000399987982981909 
27 0 0.0000333327768948788 
28 0 0.0000416662137441293 
29 0 0.0000433319923137665 
30 0 0.0000408325021981071 
31 0 0.0000374993998274453 
32 0 0.0000424990992133889 
33 0 0.0000399987982981909 
34 0 0.0000558321415637941 
35 0 0.0000549983000887044 
36 0 0.0000433319923137665 
37 0 0.0000599981281388384 
38 0 0.0000641643056439323 
39 0 0.0000599981281388384 
40 0 0.0000941620837694446 
41 0 0.0000991615637143672 
42 0 0.000104994776919165 
43 0 0.0000974955959988089 
44 0 0.00013915729007774 
45 0 0.000132491504366894 
46 0 0.00012665902989617 
47 0 0.000159154241516912 
48 0 0.000183316380698795 
49 0 0.000174151711707426 
50 0 0.000238305427479157 
51 0 0.000248302985207616 
52 0 0.000239138445660148 
53 0 0.000298288883166187 
54 0 0.000329112579936064 
55 0 0.000344941162365831 
56 0 0.000412415859466164 
57 0 0.000419912606801409 
58 0 0.000442403210781261 
59 0 0.00051570187147465 
60 0 0.00053652456094766 
61 0 0.000604819552788349 
62 0 0.000612315412814701 
63 0 0.000763880331283384 
64 0 0.000837156332969324 
65 0 0.000837156332969324 
66 0 0.00094955931606211 
67 0 0.00113437406487815 
68 0 0.00131083355989425 
69 0 0.00130417508434288 
70 0 0.00156798253798063 
71 0 0.00161374705431727 
72 0 0.00187332216192493 
73 0 0.00210705590677096 
74 0 0.00232161795446839 
75 0 0.00241807534813454 
76 0 0.00285702528657161 
77 0 0.00287946745177092 
78 0 0.00340882135642995 
79 0 0.00402516418154375 
80 0 0.00420370290195127 
81 0 0.00481472088706847 
82 0 0.00512428535333298 
83 0 0.00615546649499454 
84 0 0.00684037550422645 
85 0 0.00751758543333025 
86 0 0.00870738691578543 
87 0 0.0100283132808091 
88 0 0.00999850446183415 
89 0 0.0111029080388777 
90 0 0.0124296996600501 
91 0 0.0152054002903366 
92 0 0.0152045727742115 
93 0 0.0177723855103638 
94 0 0.0186419408071158 
95 0 0.0203305174465814 
96 0 0.0223586069412444 
97 0 0.0243138581491059 
98 0 0.026368715015515 
99 0 0.0285167206492521 
100 0 0.0307496375008489 
101 0 0.0833333333333333 

death 1 M single 
1 0 0.000842312932070821 
2 0 0.0000599981281388384 
3 0 0.0000408325021981071 
4 0 0.0000349992364201412 
5 0 0.0000341664196621405 
6 0 0.0000250001039088232 
7 0 0.0000149995707006134 
8 0 0.0000158330453632338 
9 0 0.0000250001039088232 
10 0 0.0000166665276674083 
11 0 0.0000166665276674083 
12 0 0.0000258328366956606 
13 0 0.0000241665451951034 
14 0 0.0000283327480117279 
15 0 0.0000324991417722797 
16 0 0.0000416662137441293 
17 0 0.000060831181586618 
18 0 0.0000908295279488103 
19 0 0.000129991230535031 
20 0 0.000132491504366894 
21 0 0.00013915729007774 
22 0 0.000118326142219627 
23 0 0.000124992558143577 
24 0 0.000115826257990559 
25 0 0.000113327276884068 
26 0 0.000110827530127589 
27 0 0.00011499353478428 
28 0 0.00011166021516984 
29 0 0.000112493742205344 
30 0 0.0000916628639935357 
31 0 0.0000999949761474328 
32 0 0.0000966622064806355 
33 0 0.000104161318644547 
34 0 0.000112493742205344 
35 0 0.000117493396111668 
36 0 0.000129158377552785 
37 0 0.0000966622064806355 
38 0 0.00013915729007774 
39 0 0.000118326142219627 
40 0 0.000142489948931956 
41 0 0.000143322924076039 
42 0 0.000164153123299315 
43 0 0.000194148013207274 
44 0 0.000214977335175948 
45 0 0.000241637546014029 
46 0 0.000233306643244613 
47 0 0.000280794076927493 
48 0 0.000260799598684081 
49 0 0.000335777746620414 
50 0 0.000361601623749541 
51 0 0.000429075300694248 
52 0 0.000427409972660997 
53 0 0.000529861418150923 
54 0 0.000573170939355494 
55 0 0.000629804522102706 
56 0 0.00068893280409954 
57 0 0.000773039961384669 
58 0 0.000924582227400883 
59 0 0.000994516857668493 
60 0 0.00109857856452822 
61 0 0.00123259519611107 
62 0 0.00136409949507521 
63 0 0.00149059478524349 
64 0 0.00164536504843427 
65 0 0.00174271039769125 
66 0 0.00193987045265442 
67 0 0.00217941276322742 
68 0 0.00240061394028002 
69 0 0.00253281634217384 
70 0 0.00290440263447955 
71 0 0.00308059732571742 
72 0 0.00350353387840019 
73 0 0.00378430862092904 
74 0 0.00413727230187511 
75 0 0.00448765880848667 
76 0 0.0050520873471489 
77 0 0.00561133438765127 
78 0 0.00590581770132359 
79 0 0.00669611741070608 
80 0 0.00726396879864977 
81 0 0.00789878475165751 
82 0 0.00841579025124639 
83 0 0.00961925801531693 
84 0 0.0105043811551718 
85 0 0.0115291991327284 
86 0 0.0127971555462527 
87 0 0.0135394897663804 
88 0 0.0146244270311822 
89 0 0.0155439013911864 
90 0 0.0173153393961925 
91 0 0.0191198931349094 
92 0 0.021713539260436 
93 0 0.0193344619973538 
94 0 0.0240527265935151 
95 0 0.0264601721760767 
96 0 0.0271851049072261 
97 0 0.0290815280164188 
98 0 0.0310406334238609 
99 0 0.033055619322982 
100 0 0.0351187656296574 
101 0 0.0833333333333333 
