** Period (Monthly) Age-Specific Probabilities of Death for Australia in 1950 
* Retrieved from the World Population Prospects 2024. Single age life tables up to age 100 Medium variant 
* https://population.un.org/wpp/assets/Excel%20Files/1_Indicator%20(Standard)/CSV_FILES/WPP2024_Life_Table_Complete_Medium_Female_1950-2023.csv.gz and 
* https://population.un.org/wpp/assets/Excel%20Files/1_Indicator%20(Standard)/CSV_FILES/WPP2024_Life_Table_Complete_Medium_Male_1950-2023.csv.gz and 
* United Nations. Population Division. Department of Economic and Social Affairs 
* Data downloaded on  03 Jul 2025 17:37:01 CEST 
** NB: The original WPP annual probabilities have been converted into monthly probabilities 
** The final age interval is limited to one year [100-101) 

death 1 F single 
1 0 0.0018449140785205 
2 0 0.000228307298496433 
3 0 0.0000849963895356298 
4 0 0.0000808300912565896 
5 0 0.0000516655120934573 
6 0 0.0000641643056439323 
7 0 0.0000516655120934573 
8 0 0.000047499073593138 
9 0 0.0000408325021981071 
10 0 0.000039165935736496 
11 0 0.000049165792834871 
12 0 0.0000441657267835627 
13 0 0.0000333327768948788 
14 0 0.0000499987470196084 
15 0 0.0000499987470196084 
16 0 0.000049165792834871 
17 0 0.0000416662137441293 
18 0 0.0000708309204254798 
19 0 0.0000549983000887044 
20 0 0.000082496587653802 
21 0 0.000082496587653802 
22 0 0.0000724972335176544 
23 0 0.0000791636254107164 
24 0 0.0000766639839228089 
25 0 0.0000799968545148744 
26 0 0.0000699977753336745 
27 0 0.0000791636254107164 
28 0 0.0000791636254107164 
29 0 0.0000974955959988089 
30 0 0.000110827530127589 
31 0 0.000108327852112788 
32 0 0.0000933287248128245 
33 0 0.000113327276884068 
34 0 0.0000933287248128245 
35 0 0.000129991230535031 
36 0 0.000130824925681949 
37 0 0.000136657667474838 
38 0 0.000187482368914638 
39 0 0.000188315756484148 
40 0 0.000215810139575057 
41 0 0.000233306643244613 
42 0 0.000214977335175948 
43 0 0.000274129597932937 
44 0 0.00031078568262588 
45 0 0.000289958638082677 
46 0 0.000318283249207019 
47 0 0.000351604980400877 
48 0 0.000384926381037154 
49 0 0.000384093699213994 
50 0 0.000489881089529076 
51 0 0.000534858939001626 
52 0 0.000449899920171415 
53 0 0.000580666704635968 
54 0 0.000602321349829738 
55 0 0.000693929845867691 
56 0 0.000703089983479122 
57 0 0.000758883641951424 
58 0 0.000794690076516558 
59 0 0.000938735769279608 
60 0 0.000962880431794155 
61 0 0.00114519479397579 
62 0 0.00109108632664978 
63 0 0.00131083355989425 
64 0 0.00146562935324757 
65 0 0.00154801210572453 
66 0 0.00180261060928566 
67 0 0.00190992410699864 
68 0 0.00200059273704578 
69 0 0.0024513344881405 
70 0 0.0026791364759714 
71 0 0.0029152076587603 
72 0 0.00290606499445245 
73 0 0.00364558993347242 
74 0 0.00404094272834754 
75 0 0.00471428487550896 
76 0 0.00521224715166568 
77 0 0.00594563150915706 
78 0 0.0058394597199628 
79 0 0.00722584041087126 
80 0 0.00707912373482844 
81 0 0.00844395728972025 
82 0 0.00783166585589379 
83 0 0.00967059986055474 
84 0 0.0107163154011317 
85 0 0.0124371481844617 
86 0 0.0138531340029184 
87 0 0.0167954309498605 
88 0 0.0158998009403732 
89 0 0.0178990778286251 
90 0 0.0181831166353887 
91 0 0.0208975318671333 
92 0 0.0216687468955379 
93 0 0.0240651874359832 
94 0 0.0274879453953943 
95 0 0.0297272228890262 
96 0 0.0307239660161351 
97 0 0.0328528891089772 
98 0 0.0350368397541688 
99 0 0.0372657192421465 
100 0 0.0395285514624476 
101 0 0.0833333333333333 

death 1 M single 
1 0 0.00233560885084938 
2 0 0.000252468610669188 
3 0 0.000150821713331251 
4 0 0.000108327852112788 
5 0 0.000095828824603239 
6 0 0.0000841631146032418 
7 0 0.000082496587653802 
8 0 0.0000741635771550619 
9 0 0.0000599981281388384 
10 0 0.0000699977753336745 
11 0 0.0000741635771550619 
12 0 0.0000483320125058695 
13 0 0.0000433319923137665 
14 0 0.0000699977753336745 
15 0 0.0000816633356361951 
16 0 0.0000658313304726654 
17 0 0.0000999949761474328 
18 0 0.000107494363276728 
19 0 0.000144989731928336 
20 0 0.000157488008681206 
21 0 0.000151655599556766 
22 0 0.000194148013207274 
23 0 0.000180817213416895 
24 0 0.000144155906853571 
25 0 0.000188315756484148 
26 0 0.000134991012402996 
27 0 0.00013915729007774 
28 0 0.000140823186918437 
29 0 0.000136657667474838 
30 0 0.000130824925681949 
31 0 0.000155820971626253 
32 0 0.000132491504366894 
33 0 0.000155820971626253 
34 0 0.000162486798824801 
35 0 0.000175818250046644 
36 0 0.000183316380698795 
37 0 0.000215810139575057 
38 0 0.000204979266257843 
39 0 0.000226641468296762 
40 0 0.000224974833229918 
41 0 0.000281627484634672 
42 0 0.000281627484634672 
43 0 0.000351604980400877 
44 0 0.00035660358292311 
45 0 0.000390757878217074 
46 0 0.000485716296568572 
47 0 0.000493213228920042 
48 0 0.000524031045162077 
49 0 0.000560678253303859 
50 0 0.000642296646516938 
51 0 0.000801351653933025 
52 0 0.000761381952261719 
53 0 0.000858804912252875 
54 0 0.0010011770989371 
55 0 0.00115684900445512 
56 0 0.00113437406487815 
57 0 0.00131166632640078 
58 0 0.00144732149899007 
59 0 0.00162622766432197 
60 0 0.00173439015694143 
61 0 0.00190326919266515 
62 0 0.00198312462536865 
63 0 0.0022908496793661 
64 0 0.00266500409151904 
65 0 0.00273898944426387 
66 0 0.00327587951523844 
67 0 0.00307727312468642 
68 0 0.00322602368043745 
69 0 0.00401602902297626 
70 0 0.0041812828509652 
71 0 0.00452916737575526 
72 0 0.00440629701270534 
73 0 0.00540143155309225 
74 0 0.00627571741565858 
75 0 0.00728800580489231 
76 0 0.00711145174288252 
77 0 0.00767836025612145 
78 0 0.00769576320024368 
79 0 0.0100457011974225 
80 0 0.0100100965380151 
81 0 0.0108851964980423 
82 0 0.00978818541664839 
83 0 0.0124570104306523 
84 0 0.0134699736366548 
85 0 0.0154727240316768 
86 0 0.016439477748745 
87 0 0.019529164569682 
88 0 0.019036223678861 
89 0 0.0202144802428375 
90 0 0.0232388168881771 
91 0 0.0214829632838522 
92 0 0.0217599878266125 
93 0 0.0257644508476778 
94 0 0.0292570456603732 
95 0 0.0312489957303221 
96 0 0.0315683544239276 
97 0 0.0333479153732495 
98 0 0.0351637582283483 
99 0 0.0370100552757531 
100 0 0.0388805672171174 
101 0 0.0833333333333333 
