** Period (Monthly) Age-Specific Fertility Rates for Australia in 2004 
* Retrieved from the World Population Prospects 2024 
* https://population.un.org/wpp/assets/Excel%20Files/1_Indicator%20(Standard)/CSV_FILES/WPP2024_Fertility_by_Age1.csv.gz 
* United Nations. Population Division. Department of Economic and Social Affairs 
* Data downloaded on  03 Jul 2025 17:36:56 CEST 
** NB: The original WPP annual rates have been converted into monthly rates 

birth 1 F single 0 
15 0 0 
16 0 0.000250833333333333 
17 0 0.000554166666666667 
18 0 0.00121741666666667 
19 0 0.0019395 
20 0 0.00272033333333333 
21 0 0.0032685 
22 0 0.0038245 
23 0 0.00434683333333333 
24 0 0.00509658333333333 
25 0 0.00571991666666667 
26 0 0.00678258333333333 
27 0 0.00774425 
28 0 0.00858783333333333 
29 0 0.0094905 
30 0 0.0102328333333333 
31 0 0.010335 
32 0 0.01036025 
33 0 0.00993875 
34 0 0.00913791666666667 
35 0 0.00832866666666667 
36 0 0.00725583333333333 
37 0 0.00592433333333333 
38 0 0.004635 
39 0 0.00359841666666667 
40 0 0.00265458333333333 
41 0 0.00185433333333333 
42 0 0.00114116666666667 
43 0 0.000771916666666667 
44 0 0.00044475 
45 0 0.000218166666666667 
46 0 0.000127583333333333 
47 0 0.0000588333333333333 
48 0 0.0000195833333333333 
49 0 0.00000983333333333333 
50 0 0.00000133333333333333 
101 0 0 

birth 1 F married 0 
15 0 0 
16 0 0.000250833333333333 
17 0 0.000554166666666667 
18 0 0.00121741666666667 
19 0 0.0019395 
20 0 0.00272033333333333 
21 0 0.0032685 
22 0 0.0038245 
23 0 0.00434683333333333 
24 0 0.00509658333333333 
25 0 0.00571991666666667 
26 0 0.00678258333333333 
27 0 0.00774425 
28 0 0.00858783333333333 
29 0 0.0094905 
30 0 0.0102328333333333 
31 0 0.010335 
32 0 0.01036025 
33 0 0.00993875 
34 0 0.00913791666666667 
35 0 0.00832866666666667 
36 0 0.00725583333333333 
37 0 0.00592433333333333 
38 0 0.004635 
39 0 0.00359841666666667 
40 0 0.00265458333333333 
41 0 0.00185433333333333 
42 0 0.00114116666666667 
43 0 0.000771916666666667 
44 0 0.00044475 
45 0 0.000218166666666667 
46 0 0.000127583333333333 
47 0 0.0000588333333333333 
48 0 0.0000195833333333333 
49 0 0.00000983333333333333 
50 0 0.00000133333333333333 
101 0 0 
