** Period (Monthly) Age-Specific Fertility Rates for Australia in 1952 
* Retrieved from the World Population Prospects 2024 
* https://population.un.org/wpp/assets/Excel%20Files/1_Indicator%20(Standard)/CSV_FILES/WPP2024_Fertility_by_Age1.csv.gz 
* United Nations. Population Division. Department of Economic and Social Affairs 
* Data downloaded on  03 Jul 2025 17:36:44 CEST 
** NB: The original WPP annual rates have been converted into monthly rates 

birth 1 F single 0 
15 0 0 
16 0 0.000193 
17 0 0.00079775 
18 0 0.00245108333333333 
19 0 0.00499375 
20 0 0.00809391666666667 
21 0 0.0118214166666667 
22 0 0.0142946666666667 
23 0 0.0165885833333333 
24 0 0.0180325833333333 
25 0 0.0180829166666667 
26 0 0.0180945 
27 0 0.0172795833333333 
28 0 0.0159195833333333 
29 0 0.01517875 
30 0 0.0139371666666667 
31 0 0.0129515 
32 0 0.0113706666666667 
33 0 0.0105730833333333 
34 0 0.00918341666666667 
35 0 0.00836733333333333 
36 0 0.00733741666666667 
37 0 0.00627541666666667 
38 0 0.00549008333333333 
39 0 0.00472741666666667 
40 0 0.00382175 
41 0 0.0029595 
42 0 0.002159 
43 0 0.00175366666666667 
44 0 0.00104216666666667 
45 0 0.000586 
46 0 0.000331333333333333 
47 0 0.000148083333333333 
48 0 0.0000630833333333333 
49 0 0.0000285833333333333 
50 0 0.0000234166666666667 
101 0 0 

birth 1 F married 0 
15 0 0 
16 0 0.000193 
17 0 0.00079775 
18 0 0.00245108333333333 
19 0 0.00499375 
20 0 0.00809391666666667 
21 0 0.0118214166666667 
22 0 0.0142946666666667 
23 0 0.0165885833333333 
24 0 0.0180325833333333 
25 0 0.0180829166666667 
26 0 0.0180945 
27 0 0.0172795833333333 
28 0 0.0159195833333333 
29 0 0.01517875 
30 0 0.0139371666666667 
31 0 0.0129515 
32 0 0.0113706666666667 
33 0 0.0105730833333333 
34 0 0.00918341666666667 
35 0 0.00836733333333333 
36 0 0.00733741666666667 
37 0 0.00627541666666667 
38 0 0.00549008333333333 
39 0 0.00472741666666667 
40 0 0.00382175 
41 0 0.0029595 
42 0 0.002159 
43 0 0.00175366666666667 
44 0 0.00104216666666667 
45 0 0.000586 
46 0 0.000331333333333333 
47 0 0.000148083333333333 
48 0 0.0000630833333333333 
49 0 0.0000285833333333333 
50 0 0.0000234166666666667 
101 0 0 
