** Period (Monthly) Age-Specific Probabilities of Death for Australia in 2022 
* Retrieved from the World Population Prospects 2024. Single age life tables up to age 100 Medium variant 
* https://population.un.org/wpp/assets/Excel%20Files/1_Indicator%20(Standard)/CSV_FILES/WPP2024_Life_Table_Complete_Medium_Female_1950-2023.csv.gz and 
* https://population.un.org/wpp/assets/Excel%20Files/1_Indicator%20(Standard)/CSV_FILES/WPP2024_Life_Table_Complete_Medium_Male_1950-2023.csv.gz and 
* United Nations. Population Division. Department of Economic and Social Affairs 
* Data downloaded on  03 Jul 2025 17:37:44 CEST 
** NB: The original WPP annual probabilities have been converted into monthly probabilities 
** The final age interval is limited to one year [100-101) 

death 1 F single 
1 0 0.000321388322670257 
2 0 0.0000596470638571933 
3 0 0.0000135643452405798 
4 0 0.00000994887770622288 
5 0 0.00000376257786249834 
6 0 0.00000842539041867596 
7 0 0.00000677275228022634 
8 0 0.00000633438734654046 
9 0 0.00000427093365673592 
10 0 0.000000416667621516709 
11 0 0.000000416667621516709 
12 0 0.000000416667621516709 
13 0 0.000000416667621516709 
14 0 0.000000416667621516709 
15 0 0.000000416667621516709 
16 0 0.000000416667621516709 
17 0 0.000000416667621516709 
18 0 0.000000416667621516709 
19 0 0.000000416667621516709 
20 0 0.000000416667621516709 
21 0 0.000000416667621516709 
22 0 0.000000416667621516709 
23 0 0.000000416667621516709 
24 0 0.000000416667621516709 
25 0 0.000000416667621516709 
26 0 0.000000416667621516709 
27 0 0.000000416667621516709 
28 0 0.000000416667621516709 
29 0 0.000000416667621516709 
30 0 0.000000416667621516709 
31 0 0.000000416667621516709 
32 0 0.000000416667621516709 
33 0 0.000000416667621516709 
34 0 0.000000416667621516709 
35 0 0.000000416667621516709 
36 0 0.000000416667621516709 
37 0 0.000000416667621516709 
38 0 0.000000416667621516709 
39 0 0.000000416667621516709 
40 0 0.000000416667621516709 
41 0 0.000000416667621516709 
42 0 0.000000416667621516709 
43 0 0.000000416667621516709 
44 0 0.000000416667621516709 
45 0 0.0000104222640756602 
46 0 0.0000228145292140436 
47 0 0.0000461867308714226 
48 0 0.0000565700976491446 
49 0 0.0000616100392629715 
50 0 0.0000688719157193596 
51 0 0.0000656345215477305 
52 0 0.0000752519712475808 
53 0 0.0000820203235534223 
54 0 0.000101907932682055 
55 0 0.000168730663834049 
56 0 0.000210324797034755 
57 0 0.00028882754264492 
58 0 0.000339472277841701 
59 0 0.000429399327342539 
60 0 0.000536217755617741 
61 0 0.000616621092973446 
62 0 0.000742240077557299 
63 0 0.000775351235193011 
64 0 0.000758764316370342 
65 0 0.000686865548426785 
66 0 0.000613706430584449 
67 0 0.000544870733944269 
68 0 0.000567172592121468 
69 0 0.000606562798901367 
70 0 0.000757711400958483 
71 0 0.000931328269063392 
72 0 0.00105089368262457 
73 0 0.00125385834599512 
74 0 0.00126859399652224 
75 0 0.00126743543883745 
76 0 0.0013667447896476 
77 0 0.00134062006837588 
78 0 0.00148937832890872 
79 0 0.00173110644133656 
80 0 0.00219014625041958 
81 0 0.0026994287574581 
82 0 0.00323200006209645 
83 0 0.00369877685023412 
84 0 0.00415205409600694 
85 0 0.00477646731586612 
86 0 0.00549345819088998 
87 0 0.00620385784780864 
88 0 0.00701033716909039 
89 0 0.00795408205471293 
90 0 0.00935352200414619 
91 0 0.0107842996089429 
92 0 0.0128575965460843 
93 0 0.0147881057642716 
94 0 0.0168132116433138 
95 0 0.0192360100665208 
96 0 0.0215520480275231 
97 0 0.0243538109179233 
98 0 0.0274175061700471 
99 0 0.0307861369654253 
100 0 0.0344718643310944 
101 0 0.0833333333333333 

death 1 M single 
1 0 0.000287658006437264 
2 0 0.0000254160525655633 
3 0 0.0000163806423760793 
4 0 0.0000116407452592782 
5 0 0.00000520264886894051 
6 0 0.00000879792570673832 
7 0 0.00000988720431138734 
8 0 0.00000620854533217585 
9 0 0.00000348590016585604 
10 0 0.000000416667621516709 
11 0 0.000000416667621516709 
12 0 0.000000416667621516709 
13 0 0.000000416667621516709 
14 0 0.000000416667621516709 
15 0 0.000000416667621516709 
16 0 0.000000416667621516709 
17 0 0.000000416667621516709 
18 0 0.000000416667621516709 
19 0 0.000000416667621516709 
20 0 0.000000416667621516709 
21 0 0.000000416667621516709 
22 0 0.000000416667621516709 
23 0 0.000000416667621516709 
24 0 0.000000416667621516709 
25 0 0.000000416667621516709 
26 0 0.000000416667621516709 
27 0 0.000000416667621516709 
28 0 0.000000416667621516709 
29 0 0.000000416667621516709 
30 0 0.000000416667621516709 
31 0 0.000000416667621516709 
32 0 0.000000416667621516709 
33 0 0.000000416667621516709 
34 0 0.000000416667621516709 
35 0 0.000000416667621516709 
36 0 0.000000416667621516709 
37 0 0.000000416667621516709 
38 0 0.000000416667621516709 
39 0 0.000000416667621516709 
40 0 0.000000416667621516709 
41 0 0.000000416667621516709 
42 0 0.000000416667621516709 
43 0 0.000000416667621516709 
44 0 0.000000416667621516709 
45 0 0.000000416667621516709 
46 0 0.000000416667621516709 
47 0 0.0000309135888666434 
48 0 0.0000570137080321276 
49 0 0.000096608816421595 
50 0 0.000141283901253786 
51 0 0.000152456104141385 
52 0 0.000187064007895366 
53 0 0.000229492780006946 
54 0 0.000258589125689213 
55 0 0.000334371739668993 
56 0 0.000391862624206762 
57 0 0.000461839656495378 
58 0 0.000572693774070987 
59 0 0.000770976673903134 
60 0 0.00102153830736629 
61 0 0.00129693129196251 
62 0 0.00153454893422766 
63 0 0.00165969336455574 
64 0 0.00164194284703645 
65 0 0.00140517412269259 
66 0 0.00107188749491649 
67 0 0.000872488816115458 
68 0 0.00077046233010547 
69 0 0.000926232279906847 
70 0 0.00109741626984872 
71 0 0.0013280120779009 
72 0 0.00152771131639007 
73 0 0.00175393012716385 
74 0 0.00185819457341374 
75 0 0.00203434765430766 
76 0 0.00224286325518763 
77 0 0.00255352930640274 
78 0 0.00264539988178947 
79 0 0.00300560142518935 
80 0 0.00353160445089629 
81 0 0.00406021595773975 
82 0 0.00452869346022 
83 0 0.00513732433379965 
84 0 0.00597707735688535 
85 0 0.00680108800357282 
86 0 0.00816205655074187 
87 0 0.00933299296993617 
88 0 0.0107779622804844 
89 0 0.0120231612406411 
90 0 0.0142219678884672 
91 0 0.015887867776291 
92 0 0.0183098125812973 
93 0 0.020896531075509 
94 0 0.0231346942640247 
95 0 0.0267494337600848 
96 0 0.0294052821999408 
97 0 0.0329446762644854 
98 0 0.0368911790646175 
99 0 0.0416024563521364 
100 0 0.0473080440006473 
101 0 0.0833333333333333 
