** Period (Monthly) Age-Specific Fertility Rates for Australia in 1976 
* Retrieved from the World Population Prospects 2024 
* https://population.un.org/wpp/assets/Excel%20Files/1_Indicator%20(Standard)/CSV_FILES/WPP2024_Fertility_by_Age1.csv.gz 
* United Nations. Population Division. Department of Economic and Social Affairs 
* Data downloaded on  03 Jul 2025 17:36:50 CEST 
** NB: The original WPP annual rates have been converted into monthly rates 

birth 1 F single 0 
15 0 0 
16 0 0.000571 
17 0 0.00130958333333333 
18 0 0.00266033333333333 
19 0 0.00427458333333333 
20 0 0.005996 
21 0 0.00779808333333333 
22 0 0.0092945 
23 0 0.01079925 
24 0 0.0121128333333333 
25 0 0.0133265833333333 
26 0 0.0138264166666667 
27 0 0.0135349166666667 
28 0 0.012652 
29 0 0.0113026666666667 
30 0 0.00974516666666667 
31 0 0.00877433333333333 
32 0 0.00717283333333333 
33 0 0.00574 
34 0 0.0046695 
35 0 0.00374233333333333 
36 0 0.00307233333333333 
37 0 0.00237375 
38 0 0.002037 
39 0 0.00144783333333333 
40 0 0.00111108333333333 
41 0 0.00081475 
42 0 0.000588 
43 0 0.00043675 
44 0 0.000285583333333333 
45 0 0.000151166666666667 
46 0 0.000121666666666667 
47 0 0.0000280833333333333 
48 0 0.0000280833333333333 
49 0 0.00000933333333333333 
50 0 0.0000305 
101 0 0 

birth 1 F married 0 
15 0 0 
16 0 0.000571 
17 0 0.00130958333333333 
18 0 0.00266033333333333 
19 0 0.00427458333333333 
20 0 0.005996 
21 0 0.00779808333333333 
22 0 0.0092945 
23 0 0.01079925 
24 0 0.0121128333333333 
25 0 0.0133265833333333 
26 0 0.0138264166666667 
27 0 0.0135349166666667 
28 0 0.012652 
29 0 0.0113026666666667 
30 0 0.00974516666666667 
31 0 0.00877433333333333 
32 0 0.00717283333333333 
33 0 0.00574 
34 0 0.0046695 
35 0 0.00374233333333333 
36 0 0.00307233333333333 
37 0 0.00237375 
38 0 0.002037 
39 0 0.00144783333333333 
40 0 0.00111108333333333 
41 0 0.00081475 
42 0 0.000588 
43 0 0.00043675 
44 0 0.000285583333333333 
45 0 0.000151166666666667 
46 0 0.000121666666666667 
47 0 0.0000280833333333333 
48 0 0.0000280833333333333 
49 0 0.00000933333333333333 
50 0 0.0000305 
101 0 0 
