** Period (Monthly) Age-Specific Fertility Rates for Australia in 1973 
* Retrieved from the World Population Prospects 2024 
* https://population.un.org/wpp/assets/Excel%20Files/1_Indicator%20(Standard)/CSV_FILES/WPP2024_Fertility_by_Age1.csv.gz 
* United Nations. Population Division. Department of Economic and Social Affairs 
* Data downloaded on  03 Jul 2025 17:36:49 CEST 
** NB: The original WPP annual rates have been converted into monthly rates 

birth 1 F single 0 
15 0 0 
16 0 0.000865416666666667 
17 0 0.00190325 
18 0 0.00405416666666667 
19 0 0.00605558333333333 
20 0 0.00764758333333333 
21 0 0.009467 
22 0 0.011436 
23 0 0.0134065833333333 
24 0 0.0147859166666667 
25 0 0.0157540833333333 
26 0 0.0158685833333333 
27 0 0.0151414166666667 
28 0 0.01434475 
29 0 0.0129625833333333 
30 0 0.0112233333333333 
31 0 0.00974491666666667 
32 0 0.00794191666666667 
33 0 0.00685083333333333 
34 0 0.00567241666666667 
35 0 0.00480158333333333 
36 0 0.00394125 
37 0 0.00330525 
38 0 0.00263983333333333 
39 0 0.00224858333333333 
40 0 0.00175558333333333 
41 0 0.00135283333333333 
42 0 0.00087225 
43 0 0.000681083333333333 
44 0 0.00040525 
45 0 0.0002335 
46 0 0.000139333333333333 
47 0 0.0000636666666666667 
48 0 0.0000350833333333333 
49 0 0.0000203333333333333 
50 0 0.0000295 
101 0 0 

birth 1 F married 0 
15 0 0 
16 0 0.000865416666666667 
17 0 0.00190325 
18 0 0.00405416666666667 
19 0 0.00605558333333333 
20 0 0.00764758333333333 
21 0 0.009467 
22 0 0.011436 
23 0 0.0134065833333333 
24 0 0.0147859166666667 
25 0 0.0157540833333333 
26 0 0.0158685833333333 
27 0 0.0151414166666667 
28 0 0.01434475 
29 0 0.0129625833333333 
30 0 0.0112233333333333 
31 0 0.00974491666666667 
32 0 0.00794191666666667 
33 0 0.00685083333333333 
34 0 0.00567241666666667 
35 0 0.00480158333333333 
36 0 0.00394125 
37 0 0.00330525 
38 0 0.00263983333333333 
39 0 0.00224858333333333 
40 0 0.00175558333333333 
41 0 0.00135283333333333 
42 0 0.00087225 
43 0 0.000681083333333333 
44 0 0.00040525 
45 0 0.0002335 
46 0 0.000139333333333333 
47 0 0.0000636666666666667 
48 0 0.0000350833333333333 
49 0 0.0000203333333333333 
50 0 0.0000295 
101 0 0 
