** Period (Monthly) Age-Specific Fertility Rates for Australia in 1955 
* Retrieved from the World Population Prospects 2024 
* https://population.un.org/wpp/assets/Excel%20Files/1_Indicator%20(Standard)/CSV_FILES/WPP2024_Fertility_by_Age1.csv.gz 
* United Nations. Population Division. Department of Economic and Social Affairs 
* Data downloaded on  03 Jul 2025 17:36:45 CEST 
** NB: The original WPP annual rates have been converted into monthly rates 

birth 1 F single 0 
15 0 0 
16 0 0.000174583333333333 
17 0 0.00084875 
18 0 0.00259308333333333 
19 0 0.00520666666666667 
20 0 0.00872558333333333 
21 0 0.0120941666666667 
22 0 0.01589675 
23 0 0.0182091666666667 
24 0 0.01958425 
25 0 0.0194741666666667 
26 0 0.0189894166666667 
27 0 0.0181429166666667 
28 0 0.0166900833333333 
29 0 0.0153551666666667 
30 0 0.0140260833333333 
31 0 0.0127345 
32 0 0.0110479166666667 
33 0 0.01015375 
34 0 0.00880325 
35 0 0.008171 
36 0 0.00728041666666667 
37 0 0.0060545 
38 0 0.00520475 
39 0 0.00466683333333333 
40 0 0.00360016666666667 
41 0 0.00301 
42 0 0.00201591666666667 
43 0 0.001693 
44 0 0.00105716666666667 
45 0 0.000594583333333333 
46 0 0.0003175 
47 0 0.000162 
48 0 0.0000464166666666667 
49 0 0.0000235833333333333 
50 0 0.0000261666666666667 
101 0 0 

birth 1 F married 0 
15 0 0 
16 0 0.000174583333333333 
17 0 0.00084875 
18 0 0.00259308333333333 
19 0 0.00520666666666667 
20 0 0.00872558333333333 
21 0 0.0120941666666667 
22 0 0.01589675 
23 0 0.0182091666666667 
24 0 0.01958425 
25 0 0.0194741666666667 
26 0 0.0189894166666667 
27 0 0.0181429166666667 
28 0 0.0166900833333333 
29 0 0.0153551666666667 
30 0 0.0140260833333333 
31 0 0.0127345 
32 0 0.0110479166666667 
33 0 0.01015375 
34 0 0.00880325 
35 0 0.008171 
36 0 0.00728041666666667 
37 0 0.0060545 
38 0 0.00520475 
39 0 0.00466683333333333 
40 0 0.00360016666666667 
41 0 0.00301 
42 0 0.00201591666666667 
43 0 0.001693 
44 0 0.00105716666666667 
45 0 0.000594583333333333 
46 0 0.0003175 
47 0 0.000162 
48 0 0.0000464166666666667 
49 0 0.0000235833333333333 
50 0 0.0000261666666666667 
101 0 0 
