** Period (Monthly) Age-Specific Probabilities of Death for Australia in 1957 
* Retrieved from the World Population Prospects 2024. Single age life tables up to age 100 Medium variant 
* https://population.un.org/wpp/assets/Excel%20Files/1_Indicator%20(Standard)/CSV_FILES/WPP2024_Life_Table_Complete_Medium_Female_1950-2023.csv.gz and 
* https://population.un.org/wpp/assets/Excel%20Files/1_Indicator%20(Standard)/CSV_FILES/WPP2024_Life_Table_Complete_Medium_Male_1950-2023.csv.gz and 
* United Nations. Population Division. Department of Economic and Social Affairs 
* Data downloaded on  03 Jul 2025 17:37:05 CEST 
** NB: The original WPP annual probabilities have been converted into monthly probabilities 
** The final age interval is limited to one year [100-101) 

death 1 F single 
1 0 0.00161926097843978 
2 0 0.000183316380698795 
3 0 0.000103327868011815 
4 0 0.0000649982312016517 
5 0 0.000039165935736496 
6 0 0.0000458323849097386 
7 0 0.0000341664196621405 
8 0 0.0000283327480117279 
9 0 0.0000241665451951034 
10 0 0.0000308327280768017 
11 0 0.0000341664196621405 
12 0 0.0000283327480117279 
13 0 0.0000266664106883807 
14 0 0.0000274999923247643 
15 0 0.0000358328944697339 
16 0 0.0000366657264949666 
17 0 0.000039165935736496 
18 0 0.0000566651568346677 
19 0 0.0000441657267835627 
20 0 0.0000566651568346677 
21 0 0.0000483320125058695 
22 0 0.0000533323077286374 
23 0 0.0000458323849097386 
24 0 0.0000549983000887044 
25 0 0.0000616650765675741 
26 0 0.0000758307853678808 
27 0 0.0000641643056439323 
28 0 0.0000616650765675741 
29 0 0.0000766639839228089 
30 0 0.0000591650823251744 
31 0 0.0000816633356361951 
32 0 0.0000724972335176544 
33 0 0.000104161318644547 
34 0 0.0000883295656515237 
35 0 0.00011166021516984 
36 0 0.000115826257990559 
37 0 0.000118326142219627 
38 0 0.000123326116942768 
39 0 0.000144989731928336 
40 0 0.000161653648042992 
41 0 0.000167485863895145 
42 0 0.000185816451737875 
43 0 0.000243303651093596 
44 0 0.000210810921834836 
45 0 0.000222475355618368 
46 0 0.00025829997138338 
47 0 0.000309952007490732 
48 0 0.000306619891870419 
49 0 0.00032161495620997 
50 0 0.00041907960433285 
51 0 0.000404918893494144 
52 0 0.000423244693038338 
53 0 0.000470723449578547 
54 0 0.0004873826935341 
55 0 0.000523197925805019 
56 0 0.000574837263792261 
57 0 0.000682271069021523 
58 0 0.000773039961384669 
59 0 0.000773872853641278 
60 0 0.000857972923345884 
61 0 0.000957884573884793 
62 0 0.000972870445206664 
63 0 0.00107943211961858 
64 0 0.00136826077190422 
65 0 0.00144232854978721 
66 0 0.0016220672702949 
67 0 0.00164536504843427 
68 0 0.00195817066043913 
69 0 0.0022351324711789 
70 0 0.00248958195364812 
71 0 0.00262177440614153 
72 0 0.0026716541995252 
73 0 0.0034212832490097 
74 0 0.0038025818240397 
75 0 0.00423193550441525 
76 0 0.00454992222955664 
77 0 0.005154159797636 
78 0 0.00533339481387485 
79 0 0.0062085438411108 
80 0 0.00689591984733784 
81 0 0.00737751953227517 
82 0 0.00734768260140073 
83 0 0.00929462791994418 
84 0 0.0106823744457213 
85 0 0.011766750546759 
86 0 0.0126912239012196 
87 0 0.0136114869521471 
88 0 0.0154661031132561 
89 0 0.0148569781103285 
90 0 0.0194703373143763 
91 0 0.0197843724278735 
92 0 0.0196542782260152 
93 0 0.0219590778982391 
94 0 0.023208928253423 
95 0 0.0271413528982312 
96 0 0.028166001671919 
97 0 0.0301828328240027 
98 0 0.0322639449354531 
99 0 0.0344009669767319 
100 0 0.0365845113042172 
101 0 0.0833333333333333 

death 1 M single 
1 0 0.00203829688678892 
2 0 0.000209978163241198 
3 0 0.000129158377552785 
4 0 0.0000833298473094102 
5 0 0.0000758307853678808 
6 0 0.000050831708836796 
7 0 0.0000666644373789049 
8 0 0.0000341664196621405 
9 0 0.0000458323849097386 
10 0 0.0000449986351540588 
11 0 0.0000424990992133889 
12 0 0.0000424990992133889 
13 0 0.0000399987982981909 
14 0 0.000050831708836796 
15 0 0.0000541653000921682 
16 0 0.0000866629623158532 
17 0 0.0000916628639935357 
18 0 0.000112493742205344 
19 0 0.000159987369389158 
20 0 0.000159154241516912 
21 0 0.000165819478322393 
22 0 0.000179150583419108 
23 0 0.000142489948931956 
24 0 0.000129158377552785 
25 0 0.000128325532201545 
26 0 0.000132491504366894 
27 0 0.000154987881941571 
28 0 0.000119992491757204 
29 0 0.000156654068946604 
30 0 0.000129158377552785 
31 0 0.000152488658700212 
32 0 0.000169985499537728 
33 0 0.000176651530674921 
34 0 0.000164986296992242 
35 0 0.000168319068138079 
36 0 0.000142489948931956 
37 0 0.000183316380698795 
38 0 0.000210810921834836 
39 0 0.000228307298496433 
40 0 0.000224141944852319 
41 0 0.000259966381945254 
42 0 0.00022997399467295 
43 0 0.000317450341540626 
44 0 0.000320782018008337 
45 0 0.000328279573013956 
46 0 0.0004090841702723 
47 0 0.000447400948320409 
48 0 0.000457396410560418 
49 0 0.000538190213428047 
50 0 0.00061814474184696 
51 0 0.000703089983479122 
52 0 0.000746393120931277 
53 0 0.000857972923345884 
54 0 0.000912925797100672 
55 0 0.000992019709042058 
56 0 0.0010977460631264 
57 0 0.00140820739628589 
58 0 0.0015621580458457 
59 0 0.00144898615866407 
60 0 0.0015829600662518 
61 0 0.00169695044444962 
62 0 0.00189578257196499 
63 0 0.00232910218288651 
64 0 0.00245964968099921 
65 0 0.0027788904737206 
66 0 0.00302824066950258 
67 0 0.00296756964692801 
68 0 0.00352845686356917 
69 0 0.003844941521292 
70 0 0.00415720203468972 
71 0 0.00433821493759812 
72 0 0.00436976519906207 
73 0 0.00518486383476391 
74 0 0.00629644923961259 
75 0 0.00695809502392808 
76 0 0.00694234433145369 
77 0 0.00772228138571318 
78 0 0.00773968372907663 
79 0 0.00918364929791282 
80 0 0.00945860397463816 
81 0 0.00994137196437461 
82 0 0.00933934946659509 
83 0 0.0109265864083141 
84 0 0.0134228031213981 
85 0 0.0142909158355001 
86 0 0.0154859663486305 
87 0 0.0171042235239451 
88 0 0.0186320010833926 
89 0 0.019693224632426 
90 0 0.0223199882783673 
91 0 0.0231092991362314 
92 0 0.0226079446022377 
93 0 0.0280889468894838 
94 0 0.0273421284763312 
95 0 0.0316273862236387 
96 0 0.0328081890916488 
97 0 0.034914649213924 
98 0 0.0370635276625224 
99 0 0.0392450004467603 
100 0 0.041448641322375 
101 0 0.0833333333333333 
