** Period (Monthly) Age-Specific Probabilities of Death for Australia in 1995 
* Retrieved from the World Population Prospects 2024. Single age life tables up to age 100 Medium variant 
* https://population.un.org/wpp/assets/Excel%20Files/1_Indicator%20(Standard)/CSV_FILES/WPP2024_Life_Table_Complete_Medium_Female_1950-2023.csv.gz and 
* https://population.un.org/wpp/assets/Excel%20Files/1_Indicator%20(Standard)/CSV_FILES/WPP2024_Life_Table_Complete_Medium_Male_1950-2023.csv.gz and 
* United Nations. Population Division. Department of Economic and Social Affairs 
* Data downloaded on  03 Jul 2025 17:37:28 CEST 
** NB: The original WPP annual probabilities have been converted into monthly probabilities 
** The final age interval is limited to one year [100-101) 

death 1 F single 
1 0 0.000425789049194436 
2 0 0.0000433319923137665 
3 0 0.000023332994124492 
4 0 0.0000199996997872764 
5 0 0.0000141669371428454 
6 0 0.0000149995707006134 
7 0 0.0000116665819044348 
8 0 0.0000133334777554506 
9 0 0.0000108331454403698 
10 0 0.0000141669371428454 
11 0 0.0000108331454403698 
12 0 0.0000125000260093877 
13 0 0.0000166665276674083 
14 0 0.0000175000176134699 
15 0 0.0000149995707006134 
16 0 0.0000133334777554506 
17 0 0.0000266664106883807 
18 0 0.0000258328366956606 
19 0 0.0000466653085511304 
20 0 0.000029166344928 
21 0 0.000038332247120576 
22 0 0.000031666347917958 
23 0 0.0000333327768948788 
24 0 0.0000324991417722797 
25 0 0.0000341664196621405 
26 0 0.0000333327768948788 
27 0 0.000039165935736496 
28 0 0.0000341664196621405 
29 0 0.0000266664106883807 
30 0 0.0000358328944697339 
31 0 0.0000499987470196084 
32 0 0.0000466653085511304 
33 0 0.0000524984891835389 
34 0 0.0000558321415637941 
35 0 0.0000399987982981909 
36 0 0.0000533323077286374 
37 0 0.0000574981797391017 
38 0 0.000060831181586618 
39 0 0.0000633312216504756 
40 0 0.0000583320441455148 
41 0 0.0000866629623158532 
42 0 0.0000783304039441157 
43 0 0.0000916628639935357 
44 0 0.0000899961995437515 
45 0 0.0000991615637143672 
46 0 0.000101661823937227 
47 0 0.000115826257990559 
48 0 0.000155820971626253 
49 0 0.000165819478322393 
50 0 0.000170818726694777 
51 0 0.000193314572160319 
52 0 0.000214143703108904 
53 0 0.000226641468296762 
54 0 0.00025829997138338 
55 0 0.000307452700282873 
56 0 0.000313284245286316 
57 0 0.000330779453058483 
58 0 0.000335777746620414 
59 0 0.000398254512944285 
60 0 0.000435739430054705 
61 0 0.000494878925498154 
62 0 0.000560678253303859 
63 0 0.000575670018156726 
64 0 0.000679772414610591 
65 0 0.000668946545710369 
66 0 0.000808846092132165 
67 0 0.000856307285947322 
68 0 0.000962880431794155 
69 0 0.00108775664155492 
70 0 0.00124424880297924 
71 0 0.00136992482844733 
72 0 0.00144482456671435 
73 0 0.00164536504843427 
74 0 0.00185668484511226 
75 0 0.00200475177962378 
76 0 0.00237982637008383 
77 0 0.00250537888592939 
78 0 0.00293515520507026 
79 0 0.00324762807763379 
80 0 0.00378513922007373 
81 0 0.00426597910928406 
82 0 0.00464704791712955 
83 0 0.00508611221456556 
84 0 0.00593567752481872 
85 0 0.00670772503146311 
86 0 0.00736177231437118 
87 0 0.00863366242960539 
88 0 0.00982130764604772 
89 0 0.010489478795438 
90 0 0.0120042921911087 
91 0 0.0128575696432005 
92 0 0.01483463424121 
93 0 0.0166058620606121 
94 0 0.0182692434072081 
95 0 0.0212872461845933 
96 0 0.0225416349940891 
97 0 0.024788457816342 
98 0 0.027162757438974 
99 0 0.0296541782371175 
100 0 0.0322493916405195 
101 0 0.0833333333333333 

death 1 M single 
1 0 0.000517033582822402 
2 0 0.0000499987470196084 
3 0 0.0000366657264949666 
4 0 0.0000258328366956606 
5 0 0.0000199996997872764 
6 0 0.0000125000260093877 
7 0 0.0000133334777554506 
8 0 0.0000166665276674083 
9 0 0.0000224994506968779 
10 0 0.00000916629543457059 
11 0 0.0000116665819044348 
12 0 0.0000141669371428454 
13 0 0.0000133334777554506 
14 0 0.0000175000176134699 
15 0 0.0000258328366956606 
16 0 0.0000274999923247643 
17 0 0.0000433319923137665 
18 0 0.0000599981281388384 
19 0 0.0000874962601642437 
20 0 0.0000941620837694446 
21 0 0.0000858296721063523 
22 0 0.000108327852112788 
23 0 0.000095828824603239 
24 0 0.000118326142219627 
25 0 0.000118326142219627 
26 0 0.000108327852112788 
27 0 0.000106660882083109 
28 0 0.0000983281589223006 
29 0 0.0000999949761474328 
30 0 0.000109994018370752 
31 0 0.00011499353478428 
32 0 0.000122492490570281 
33 0 0.000115826257990559 
34 0 0.000119159730383234 
35 0 0.000128325532201545 
36 0 0.000136657667474838 
37 0 0.000131657793934314 
38 0 0.000134991012402996 
39 0 0.000128325532201545 
40 0 0.000146655735667411 
41 0 0.000143322924076039 
42 0 0.000164986296992242 
43 0 0.000149988669465251 
44 0 0.000167485863895145 
45 0 0.000181650539875733 
46 0 0.00020081331119326 
47 0 0.000197480183529275 
48 0 0.000219143104171149 
49 0 0.000269963815381247 
50 0 0.000250802337573464 
51 0 0.000334111618221278 
52 0 0.000348273010303157 
53 0 0.000339109258611359 
54 0 0.000432407722937178 
55 0 0.000404918893494144 
56 0 0.000498210410262545 
57 0 0.000575670018156726 
58 0 0.000613980777375511 
59 0 0.000697261079838585 
60 0 0.000781366706035014 
61 0 0.000912093312301576 
62 0 0.000962047488990647 
63 0 0.00111189793783428 
64 0 0.00122510456244496 
65 0 0.00131998933843491 
66 0 0.00151223026980418 
67 0 0.00172690216775229 
68 0 0.00186417164295827 
69 0 0.00206047935942977 
70 0 0.00230914475788502 
71 0 0.00262842477533876 
72 0 0.00275727724059427 
73 0 0.00310552927137298 
74 0 0.00335896930128088 
75 0 0.00359325526806387 
76 0 0.00405672141100633 
77 0 0.00437972846934032 
78 0 0.00483962075509869 
79 0 0.00543544922193007 
80 0 0.00613390383780521 
81 0 0.00688928818508083 
82 0 0.00750183910295854 
83 0 0.00849780510817411 
84 0 0.00908840378864684 
85 0 0.0107692991708798 
86 0 0.0113379932952153 
87 0 0.0127590861386614 
88 0 0.01389203128635 
89 0 0.0153295442914096 
90 0 0.017679646407938 
91 0 0.0174834125155455 
92 0 0.0193717445997309 
93 0 0.0208610522941152 
94 0 0.0238184686910433 
95 0 0.0243318943833517 
96 0 0.0269366579467644 
97 0 0.0289634843730794 
98 0 0.031062832735879 
99 0 0.0332263386245044 
100 0 0.0354444391044157 
101 0 0.0833333333333333 
