** Period (Monthly) Age-Specific Probabilities of Death for Australia in 1964 
* Retrieved from the World Population Prospects 2024. Single age life tables up to age 100 Medium variant 
* https://population.un.org/wpp/assets/Excel%20Files/1_Indicator%20(Standard)/CSV_FILES/WPP2024_Life_Table_Complete_Medium_Female_1950-2023.csv.gz and 
* https://population.un.org/wpp/assets/Excel%20Files/1_Indicator%20(Standard)/CSV_FILES/WPP2024_Life_Table_Complete_Medium_Male_1950-2023.csv.gz and 
* United Nations. Population Division. Department of Economic and Social Affairs 
* Data downloaded on  03 Jul 2025 17:37:09 CEST 
** NB: The original WPP annual probabilities have been converted into monthly probabilities 
** The final age interval is limited to one year [100-101) 

death 1 F single 
1 0 0.00139416158480377 
2 0 0.000136657667474838 
3 0 0.0000624981452916895 
4 0 0.0000649982312016517 
5 0 0.0000449986351540588 
6 0 0.0000466653085511304 
7 0 0.0000399987982981909 
8 0 0.0000250001039088232 
9 0 0.0000274999923247643 
10 0 0.0000224994506968779 
11 0 0.0000183335152015296 
12 0 0.0000224994506968779 
13 0 0.0000241665451951034 
14 0 0.0000349992364201412 
15 0 0.0000274999923247643 
16 0 0.0000366657264949666 
17 0 0.0000558321415637941 
18 0 0.0000458323849097386 
19 0 0.0000466653085511304 
20 0 0.000047499073593138 
21 0 0.000047499073593138 
22 0 0.0000524984891835389 
23 0 0.0000541653000921682 
24 0 0.0000616650765675741 
25 0 0.000047499073593138 
26 0 0.0000449986351540588 
27 0 0.0000516655120934573 
28 0 0.0000708309204254798 
29 0 0.0000649982312016517 
30 0 0.0000708309204254798 
31 0 0.0000716640731535101 
32 0 0.00006916463787765 
33 0 0.0000841631146032418 
34 0 0.0000866629623158532 
35 0 0.000095828824603239 
36 0 0.000109160514256912 
37 0 0.00011499353478428 
38 0 0.000130824925681949 
39 0 0.000135823918829381 
40 0 0.000179150583419108 
41 0 0.000179983894598057 
42 0 0.000143322924076039 
43 0 0.000207478262763794 
44 0 0.000212477297195868 
45 0 0.000246636788480359 
46 0 0.000205811979051451 
47 0 0.000273296258978428 
48 0 0.000370765133681616 
49 0 0.000382427521609996 
50 0 0.000390757878217074 
51 0 0.00043157460591936 
52 0 0.000361601623749541 
53 0 0.000474888393085626 
54 0 0.000549850635846116 
55 0 0.000574004517060467 
56 0 0.00054235489738419 
57 0 0.000687267744362119 
58 0 0.000692263854835673 
59 0 0.000803849451050831 
60 0 0.000892110074969588 
61 0 0.000935405771439357 
62 0 0.000957884573884793 
63 0 0.00113354123524911 
64 0 0.00139655642097136 
65 0 0.00155550060889242 
66 0 0.00140238214486543 
67 0 0.00151472651488382 
68 0 0.00168779816566145 
69 0 0.00213616559952201 
70 0 0.00234240672266284 
71 0 0.00254778175371295 
72 0 0.00255360130310989 
73 0 0.00316369972249797 
74 0 0.00371702759362269 
75 0 0.00427594231776129 
76 0 0.00461965361573069 
77 0 0.0050429580650504 
78 0 0.00521971548429501 
79 0 0.00622430094878268 
80 0 0.00692493493834856 
81 0 0.00744796818319027 
82 0 0.00737088945589504 
83 0 0.00854253940496674 
84 0 0.0103379711445124 
85 0 0.0120804380028489 
86 0 0.0118486909360699 
87 0 0.0136181078691089 
88 0 0.0143778113786153 
89 0 0.0157739924218828 
90 0 0.0176804748425881 
91 0 0.0198166901776468 
92 0 0.0197487423081517 
93 0 0.021405834076818 
94 0 0.024085956127725 
95 0 0.0260257101738162 
96 0 0.028005375695782 
97 0 0.0300830345156045 
98 0 0.0322296118163314 
99 0 0.0344359337082323 
100 0 0.0366916700384408 
101 0 0.0833333333333333 

death 1 M single 
1 0 0.00173506458194128 
2 0 0.000151655599556766 
3 0 0.0000833298473094102 
4 0 0.0000683306740973944 
5 0 0.0000591650823251744 
6 0 0.0000591650823251744 
7 0 0.000047499073593138 
8 0 0.0000333327768948788 
9 0 0.0000341664196621405 
10 0 0.0000424990992133889 
11 0 0.0000341664196621405 
12 0 0.000038332247120576 
13 0 0.0000408325021981071 
14 0 0.0000558321415637941 
15 0 0.0000549983000887044 
16 0 0.0000483320125058695 
17 0 0.0000799968545148744 
18 0 0.0000991615637143672 
19 0 0.00013832351850418 
20 0 0.000142489948931956 
21 0 0.000169152280018903 
22 0 0.000143322924076039 
23 0 0.000137490589173339 
24 0 0.00013832351850418 
25 0 0.000134157279044644 
26 0 0.00011166021516984 
27 0 0.000113327276884068 
28 0 0.000115826257990559 
29 0 0.000106660882083109 
30 0 0.00010249442502086 
31 0 0.00013915729007774 
32 0 0.000158321121281002 
33 0 0.00013832351850418 
34 0 0.00016665266728999 
35 0 0.000157488008681206 
36 0 0.000159154241516912 
37 0 0.00020247950326735 
38 0 0.000184149730071081 
39 0 0.000193314572160319 
40 0 0.000252468610669188 
41 0 0.000254134914314252 
42 0 0.000313284245286316 
43 0 0.000337443905566004 
44 0 0.000385759907367889 
45 0 0.000386592604458724 
46 0 0.000404918893494144 
47 0 0.000483218015083553 
48 0 0.000534025720356324 
49 0 0.000564009636004781 
50 0 0.000612315412814701 
51 0 0.000703923074450552 
52 0 0.000747225768903514 
53 0 0.000838821619220109 
54 0 0.000972870445206664 
55 0 0.00118015600406396 
56 0 0.00109275121498131 
57 0 0.00132914434916875 
58 0 0.00138656961014683 
59 0 0.00169029499914797 
60 0 0.00184670170788392 
61 0 0.00205715228206482 
62 0 0.00194486190374032 
63 0 0.00231746060159221 
64 0 0.00282045181153245 
65 0 0.00316868564986494 
66 0 0.00297172505705734 
67 0 0.00304652401145977 
68 0 0.00347445634574062 
69 0 0.00410488657636776 
70 0 0.00443037331741902 
71 0 0.00498071461604921 
72 0 0.00474665761396498 
73 0 0.00558561670724844 
74 0 0.00619610431652307 
75 0 0.00701363622862461 
76 0 0.00710813648753061 
77 0 0.00808521832907738 
78 0 0.0080040183721618 
79 0 0.00953727561999673 
80 0 0.00971448798853669 
81 0 0.0100904117782634 
82 0 0.0112088629076267 
83 0 0.0126523260804294 
84 0 0.0130346730065307 
85 0 0.0157193653172636 
86 0 0.0158973169696961 
87 0 0.0177458886520638 
88 0 0.0205294517376599 
89 0 0.020154808001139 
90 0 0.0220553118976812 
91 0 0.0246169399670036 
92 0 0.0239671601894131 
93 0 0.0233891063307239 
94 0 0.0276946268084357 
95 0 0.0343312820924082 
96 0 0.032639190208106 
97 0 0.034609212427865 
98 0 0.0366177195184229 
99 0 0.0386567126136708 
100 0 0.0407177013750213 
101 0 0.0833333333333333 
