** Period (Monthly) Age-Specific Probabilities of Death for Australia in 1958 
* Retrieved from the World Population Prospects 2024. Single age life tables up to age 100 Medium variant 
* https://population.un.org/wpp/assets/Excel%20Files/1_Indicator%20(Standard)/CSV_FILES/WPP2024_Life_Table_Complete_Medium_Female_1950-2023.csv.gz and 
* https://population.un.org/wpp/assets/Excel%20Files/1_Indicator%20(Standard)/CSV_FILES/WPP2024_Life_Table_Complete_Medium_Male_1950-2023.csv.gz and 
* United Nations. Population Division. Department of Economic and Social Affairs 
* Data downloaded on  03 Jul 2025 17:37:06 CEST 
** NB: The original WPP annual probabilities have been converted into monthly probabilities 
** The final age interval is limited to one year [100-101) 

death 1 F single 
1 0 0.00153548376508816 
2 0 0.000139990234681586 
3 0 0.000104161318644547 
4 0 0.0000499987470196084 
5 0 0.0000533323077286374 
6 0 0.0000341664196621405 
7 0 0.0000374993998274453 
8 0 0.0000358328944697339 
9 0 0.0000241665451951034 
10 0 0.0000258328366956606 
11 0 0.0000324991417722797 
12 0 0.0000358328944697339 
13 0 0.0000250001039088232 
14 0 0.0000199996997872764 
15 0 0.000031666347917958 
16 0 0.0000324991417722797 
17 0 0.0000433319923137665 
18 0 0.0000424990992133889 
19 0 0.0000416662137441293 
20 0 0.0000416662137441293 
21 0 0.000049165792834871 
22 0 0.0000524984891835389 
23 0 0.0000483320125058695 
24 0 0.0000424990992133889 
25 0 0.0000566651568346677 
26 0 0.000050831708836796 
27 0 0.0000574981797391017 
28 0 0.0000566651568346677 
29 0 0.0000483320125058695 
30 0 0.0000649982312016517 
31 0 0.0000766639839228089 
32 0 0.0000724972335176544 
33 0 0.0000741635771550619 
34 0 0.0000758307853678808 
35 0 0.000105827408531933 
36 0 0.000110827530127589 
37 0 0.000131657793934314 
38 0 0.000121658871843011 
39 0 0.000132491504366894 
40 0 0.000148322604637041 
41 0 0.000158321121281002 
42 0 0.000180817213416895 
43 0 0.000254968077593176 
44 0 0.00020247950326735 
45 0 0.000201646821004209 
46 0 0.000220808796943528 
47 0 0.000279960676862756 
48 0 0.000324114652930696 
49 0 0.000309119176175154 
50 0 0.000429908394798062 
51 0 0.000428242214228103 
52 0 0.000373264509197058 
53 0 0.000486549910134526 
54 0 0.000534858939001626 
55 0 0.000623974444926234 
56 0 0.000547352267104451 
57 0 0.000592326708515611 
58 0 0.000733069270974274 
59 0 0.000852976943971684 
60 0 0.00078553078489052 
61 0 0.000986191611061726 
62 0 0.000962047488990647 
63 0 0.00121178630942831 
64 0 0.00125756590421688 
65 0 0.00129085875277513 
66 0 0.00164536504843427 
67 0 0.00148227305869075 
68 0 0.00178347573516746 
69 0 0.0021195320516324 
70 0 0.00214032403648545 
71 0 0.00264754569561199 
72 0 0.00262593115139798 
73 0 0.00326092299408676 
74 0 0.0034777786983865 
75 0 0.00401852025926619 
76 0 0.00447935675257227 
77 0 0.00493257833002869 
78 0 0.00521390741435113 
79 0 0.00615463792444959 
80 0 0.00617288339716082 
81 0 0.00705922943899295 
82 0 0.00681135882248007 
83 0 0.00842241802012078 
84 0 0.0100854441845492 
85 0 0.011265978627797 
86 0 0.012018363648849 
87 0 0.0132754976373887 
88 0 0.0144680154610792 
89 0 0.0156217009661511 
90 0 0.0178336614400589 
91 0 0.0194272546639926 
92 0 0.0184365372980414 
93 0 0.0200876779884754 
94 0 0.0225871951676089 
95 0 0.0252030303826717 
96 0 0.0266083507849973 
97 0 0.0284786539453096 
98 0 0.0304132150248734 
99 0 0.0324055899317588 
100 0 0.0344484027951714 
101 0 0.0833333333333333 

death 1 M single 
1 0 0.0019180723611425 
2 0 0.000179150583419108 
3 0 0.000128325532201545 
4 0 0.0000683306740973944 
5 0 0.0000574981797391017 
6 0 0.0000441657267835627 
7 0 0.0000441657267835627 
8 0 0.0000533323077286374 
9 0 0.000050831708836796 
10 0 0.0000466653085511304 
11 0 0.0000399987982981909 
12 0 0.0000349992364201412 
13 0 0.0000441657267835627 
14 0 0.000047499073593138 
15 0 0.0000366657264949666 
16 0 0.0000558321415637941 
17 0 0.000082496587653802 
18 0 0.000120826095202364 
19 0 0.000145822729980871 
20 0 0.000149155633233922 
21 0 0.000162486798824801 
22 0 0.000197480183529275 
23 0 0.000154987881941571 
24 0 0.000155820971626253 
25 0 0.000134991012402996 
26 0 0.000134157279044644 
27 0 0.000117493396111668 
28 0 0.000163319957243613 
29 0 0.000106660882083109 
30 0 0.000124158916488093 
31 0 0.000146655735667411 
32 0 0.000110827530127589 
33 0 0.000150821713331251 
34 0 0.000147488748988067 
35 0 0.000159987369389158 
36 0 0.000178317279880047 
37 0 0.000180817213416895 
38 0 0.000195814083098211 
39 0 0.000207478262763794 
40 0 0.000195814083098211 
41 0 0.000223308228723851 
42 0 0.00023247284304484 
43 0 0.000359102568975977 
44 0 0.000280794076927493 
45 0 0.000292457464232454 
46 0 0.000400753807629384 
47 0 0.000443236427085325 
48 0 0.000533193347588501 
49 0 0.000507372623239188 
50 0 0.000629804522102706 
51 0 0.00069892632274926 
52 0 0.000656454114076999 
53 0 0.000847981239374573 
54 0 0.000938735769279608 
55 0 0.00105445807302929 
56 0 0.000993684467163969 
57 0 0.00109941107356215 
58 0 0.00136909237336957 
59 0 0.00167032649835031 
60 0 0.00168779816566145 
61 0 0.00176933264789914 
62 0 0.00178513977271055 
63 0 0.00216693776871213 
64 0 0.00245466064502575 
65 0 0.00276559047015568 
66 0 0.00299416549727594 
67 0 0.00297504969455153 
68 0 0.00353676489400268 
69 0 0.00366303431314041 
70 0 0.00388397841433907 
71 0 0.00430417299600805 
72 0 0.00423774724039172 
73 0 0.00507283385535084 
74 0 0.00571752063652975 
75 0 0.00656262759858295 
76 0 0.00668699728672795 
77 0 0.00740984338441619 
78 0 0.00721174934273761 
79 0 0.00885317360968785 
80 0 0.00913809691807266 
81 0 0.00984366442377682 
82 0 0.00928220515560196 
83 0 0.0120738162179175 
84 0 0.0120953349934931 
85 0 0.0135750753175601 
86 0 0.0151656743393572 
87 0 0.0165884791577205 
88 0 0.0168790424386649 
89 0 0.0206090322822864 
90 0 0.0212756355243422 
91 0 0.0211985169962412 
92 0 0.0233143748645034 
93 0 0.0252978288283218 
94 0 0.0292820924966642 
95 0 0.033537393845675 
96 0 0.0327349208474824 
97 0 0.0349438637945213 
98 0 0.0371993280980195 
99 0 0.0394899461539148 
100 0 0.041803640359281 
101 0 0.0833333333333333 
