** Period (Monthly) Age-Specific Probabilities of Death for Australia in 2002 
* Retrieved from the World Population Prospects 2024. Single age life tables up to age 100 Medium variant 
* https://population.un.org/wpp/assets/Excel%20Files/1_Indicator%20(Standard)/CSV_FILES/WPP2024_Life_Table_Complete_Medium_Female_1950-2023.csv.gz and 
* https://population.un.org/wpp/assets/Excel%20Files/1_Indicator%20(Standard)/CSV_FILES/WPP2024_Life_Table_Complete_Medium_Male_1950-2023.csv.gz and 
* United Nations. Population Division. Department of Economic and Social Affairs 
* Data downloaded on  03 Jul 2025 17:37:32 CEST 
** NB: The original WPP annual probabilities have been converted into monthly probabilities 
** The final age interval is limited to one year [100-101) 

death 1 F single 
1 0 0.000391758007533549 
2 0 0.0000308327280768017 
3 0 0.0000166665276674083 
4 0 0.0000116665819044348 
5 0 0.00000666691112360951 
6 0 0.0000108331454403698 
7 0 0.00000833371530217786 
8 0 0.00000999971661719279 
9 0 0.00000750030939278279 
10 0 0.00000916629543457059 
11 0 0.00000666691112360951 
12 0 0.00000666691112360951 
13 0 0.00000583352049443597 
14 0 0.00000999971661719279 
15 0 0.0000158330453632338 
16 0 0.0000191661869225479 
17 0 0.0000175000176134699 
18 0 0.0000308327280768017 
19 0 0.0000224994506968779 
20 0 0.0000274999923247643 
21 0 0.0000299999494883796 
22 0 0.0000191661869225479 
23 0 0.000029166344928 
24 0 0.000031666347917958 
25 0 0.0000141669371428454 
26 0 0.0000299999494883796 
27 0 0.0000283327480117279 
28 0 0.0000333327768948788 
29 0 0.0000341664196621405 
30 0 0.0000366657264949666 
31 0 0.0000358328944697339 
32 0 0.000039165935736496 
33 0 0.0000399987982981909 
34 0 0.000047499073593138 
35 0 0.0000358328944697339 
36 0 0.0000424990992133889 
37 0 0.000050831708836796 
38 0 0.0000524984891835389 
39 0 0.0000683306740973944 
40 0 0.0000566651568346677 
41 0 0.0000733304015181346 
42 0 0.0000766639839228089 
43 0 0.0000733304015181346 
44 0 0.0000924953734962042 
45 0 0.0000983281589223006 
46 0 0.000108327852112788 
47 0 0.000124992558143577 
48 0 0.000131657793934314 
49 0 0.000128325532201545 
50 0 0.000154987881941571 
51 0 0.000185816451737875 
52 0 0.000185816451737875 
53 0 0.000211644523334331 
54 0 0.000234972595611671 
55 0 0.000212477297195868 
56 0 0.000249969212481327 
57 0 0.000273296258978428 
58 0 0.000329112579936064 
59 0 0.000367433297727482 
60 0 0.000355770323975602 
61 0 0.00041324880085114 
62 0 0.000478219982710471 
63 0 0.000494046073392207 
64 0 0.000524031045162077 
65 0 0.000645627666247206 
66 0 0.000675608982855125 
67 0 0.000669779323633768 
68 0 0.000808846092132165 
69 0 0.000867131951083455 
70 0 0.001003674499372 
71 0 0.00107027526789372 
72 0 0.00112604948719264 
73 0 0.00131000164646278 
74 0 0.00146979020525773 
75 0 0.00179429082475246 
76 0 0.00175435746767205 
77 0 0.00206463859085115 
78 0 0.00243719989622926 
79 0 0.00278138401199779 
80 0 0.00309971126135611 
81 0 0.00357165584994112 
82 0 0.00396121739573696 
83 0 0.00479895009209119 
84 0 0.00538898587502468 
85 0 0.00602525567792067 
86 0 0.00669860463240346 
87 0 0.00757145445961738 
88 0 0.0088747094623115 
89 0 0.0101715531696136 
90 0 0.0115705855210438 
91 0 0.0126208763138864 
92 0 0.0146500815876284 
93 0 0.0159072482958265 
94 0 0.0180092108456656 
95 0 0.0203595271352432 
96 0 0.0224699646994995 
97 0 0.0248935057965621 
98 0 0.0274647446899379 
99 0 0.0301703807458593 
100 0 0.0329931194111568 
101 0 0.0833333333333333 

death 1 M single 
1 0 0.00044155660384948 
2 0 0.000039165935736496 
3 0 0.0000283327480117279 
4 0 0.0000258328366956606 
5 0 0.0000125000260093877 
6 0 0.0000116665819044348 
7 0 0.00000916629543457059 
8 0 0.0000149995707006134 
9 0 0.00000833371530217786 
10 0 0.0000133334777554506 
11 0 0.0000158330453632338 
12 0 0.00000583352049443597 
13 0 0.00000916629543457059 
14 0 0.0000166665276674083 
15 0 0.0000208332202944472 
16 0 0.0000216667484441713 
17 0 0.000039165935736496 
18 0 0.0000566651568346677 
19 0 0.0000649982312016517 
20 0 0.0000766639839228089 
21 0 0.0000699977753336745 
22 0 0.0000683306740973944 
23 0 0.0000674975519204812 
24 0 0.0000858296721063523 
25 0 0.0000883295656515237 
26 0 0.0000866629623158532 
27 0 0.0000866629623158532 
28 0 0.0000924953734962042 
29 0 0.0000883295656515237 
30 0 0.0000974955959988089 
31 0 0.0000941620837694446 
32 0 0.000095828824603239 
33 0 0.000103327868011815 
34 0 0.0000908295279488103 
35 0 0.00010249442502086 
36 0 0.0000999949761474328 
37 0 0.000103327868011815 
38 0 0.000118326142219627 
39 0 0.000108327852112788 
40 0 0.000118326142219627 
41 0 0.000127491859978179 
42 0 0.00013832351850418 
43 0 0.000142489948931956 
44 0 0.000139990234681586 
45 0 0.000164986296992242 
46 0 0.000190815129957 
47 0 0.000204979266257843 
48 0 0.000213310913978915 
49 0 0.000225807729240191 
50 0 0.00025829997138338 
51 0 0.000252468610669188 
52 0 0.000290791293830805 
53 0 0.000301621529446461 
54 0 0.000323281691818389 
55 0 0.000352438201156602 
56 0 0.000423244693038338 
57 0 0.000411582925715859 
58 0 0.000498210410262545 
59 0 0.000554015015893694 
60 0 0.000593992545516842 
61 0 0.000661451048479478 
62 0 0.000755552668415205 
63 0 0.000893775527486818 
64 0 0.000860470595453355 
65 0 0.00103364529112726 
66 0 0.00112854694911868 
67 0 0.0012400864477955 
68 0 0.00140737543643832 
69 0 0.00157047862106818 
70 0 0.00165368561760815 
71 0 0.00189994191852549 
72 0 0.0021386611507398 
73 0 0.00244052553472485 
74 0 0.00272818307440625 
75 0 0.00295094732860512 
76 0 0.00317782722924542 
77 0 0.00361734613331555 
78 0 0.00410903868290247 
79 0 0.00459059942690832 
80 0 0.00525041794876069 
81 0 0.00587595707080002 
82 0 0.00642581191056102 
83 0 0.00708658398725426 
84 0 0.00807776068771426 
85 0 0.00903208230059604 
86 0 0.010605384115423 
87 0 0.0114141454400144 
88 0 0.0127069487054103 
89 0 0.0140542323151792 
90 0 0.0157582650183036 
91 0 0.0180141806124636 
92 0 0.018747961316482 
93 0 0.0235477148015215 
94 0 0.0226220521412962 
95 0 0.0249511010820065 
96 0 0.0279700060434177 
97 0 0.0303914748099213 
98 0 0.0329043965911191 
99 0 0.0354939196126699 
100 0 0.038143170875297 
101 0 0.0833333333333333 
