** Period (Monthly) Age-Specific Probabilities of Death for Australia in 1979 
* Retrieved from the World Population Prospects 2024. Single age life tables up to age 100 Medium variant 
* https://population.un.org/wpp/assets/Excel%20Files/1_Indicator%20(Standard)/CSV_FILES/WPP2024_Life_Table_Complete_Medium_Female_1950-2023.csv.gz and 
* https://population.un.org/wpp/assets/Excel%20Files/1_Indicator%20(Standard)/CSV_FILES/WPP2024_Life_Table_Complete_Medium_Male_1950-2023.csv.gz and 
* United Nations. Population Division. Department of Economic and Social Affairs 
* Data downloaded on  03 Jul 2025 17:37:18 CEST 
** NB: The original WPP annual probabilities have been converted into monthly probabilities 
** The final age interval is limited to one year [100-101) 

death 1 F single 
1 0 0.000806771061254152 
2 0 0.0000724972335176544 
3 0 0.0000458323849097386 
4 0 0.0000308327280768017 
5 0 0.0000266664106883807 
6 0 0.0000191661869225479 
7 0 0.0000149995707006134 
8 0 0.000023332994124492 
9 0 0.0000141669371428454 
10 0 0.0000241665451951034 
11 0 0.0000149995707006134 
12 0 0.0000141669371428454 
13 0 0.0000116665819044348 
14 0 0.0000166665276674083 
15 0 0.0000133334777554506 
16 0 0.0000216667484441713 
17 0 0.0000349992364201412 
18 0 0.0000399987982981909 
19 0 0.0000499987470196084 
20 0 0.0000441657267835627 
21 0 0.0000449986351540588 
22 0 0.0000516655120934573 
23 0 0.0000441657267835627 
24 0 0.0000533323077286374 
25 0 0.0000499987470196084 
26 0 0.0000424990992133889 
27 0 0.0000466653085511304 
28 0 0.0000449986351540588 
29 0 0.0000399987982981909 
30 0 0.0000424990992133889 
31 0 0.0000424990992133889 
32 0 0.0000433319923137665 
33 0 0.0000558321415637941 
34 0 0.0000516655120934573 
35 0 0.0000774971901148502 
36 0 0.0000533323077286374 
37 0 0.0000808300912565896 
38 0 0.0000641643056439323 
39 0 0.0000799968545148744 
40 0 0.000117493396111668 
41 0 0.000100828396221719 
42 0 0.000104161318644547 
43 0 0.000127491859978179 
44 0 0.000142489948931956 
45 0 0.000192481973855463 
46 0 0.000163319957243613 
47 0 0.000191648548085177 
48 0 0.00023413961561114 
49 0 0.000243303651093596 
50 0 0.000256633591375066 
51 0 0.00028579296589526 
52 0 0.000313284245286316 
53 0 0.000359935858477933 
54 0 0.000378262629652681 
55 0 0.000434906282490544 
56 0 0.000465726104396214 
57 0 0.000475721069613466 
58 0 0.000545686446657423 
59 0 0.000574837263792261 
60 0 0.000637299926307011 
61 0 0.000701424664245387 
62 0 0.00071974569501887 
63 0 0.000831328071507431 
64 0 0.000962047488990647 
65 0 0.00105862035875892 
66 0 0.00110274118602172 
67 0 0.00119264215670034 
68 0 0.00140654348421521 
69 0 0.00139322736195835 
70 0 0.00168946299667938 
71 0 0.00185585301681457 
72 0 0.00189994191852549 
73 0 0.00218689807132832 
74 0 0.00240310822128897 
75 0 0.00290606499445245 
76 0 0.00314292452660958 
77 0 0.00324014968063502 
78 0 0.00348359505708939 
79 0 0.00435731199753209 
80 0 0.00493257833002869 
81 0 0.00521722626578636 
82 0 0.00586683224027096 
83 0 0.00682047803934327 
84 0 0.00743470811307156 
85 0 0.00839922158915629 
86 0 0.00923002849986509 
87 0 0.0108032400858598 
88 0 0.010895956756485 
89 0 0.0120100865016838 
90 0 0.0139201681901537 
91 0 0.0148693926883198 
92 0 0.0161762544267672 
93 0 0.0181856007213796 
94 0 0.0204672822015129 
95 0 0.020787268599608 
96 0 0.0232561555469233 
97 0 0.0252044009104222 
98 0 0.0272445959182278 
99 0 0.0293700796522405 
100 0 0.0315726001654889 
101 0 0.0833333333333333 

death 1 M single 
1 0 0.00104451893208413 
2 0 0.0000808300912565896 
3 0 0.000047499073593138 
4 0 0.0000433319923137665 
5 0 0.0000424990992133889 
6 0 0.0000241665451951034 
7 0 0.0000299999494883796 
8 0 0.000031666347917958 
9 0 0.0000191661869225479 
10 0 0.0000199996997872764 
11 0 0.0000274999923247643 
12 0 0.0000274999923247643 
13 0 0.0000224994506968779 
14 0 0.0000333327768948788 
15 0 0.0000399987982981909 
16 0 0.0000449986351540588 
17 0 0.0000758307853678808 
18 0 0.000109160514256912 
19 0 0.000148322604637041 
20 0 0.000156654068946604 
21 0 0.000150821713331251 
22 0 0.000159987369389158 
23 0 0.000145822729980871 
24 0 0.00012665902989617 
25 0 0.000132491504366894 
26 0 0.000129158377552785 
27 0 0.000117493396111668 
28 0 0.00011166021516984 
29 0 0.000112493742205344 
30 0 0.000118326142219627 
31 0 0.00011499353478428 
32 0 0.000108327852112788 
33 0 0.000105827408531933 
34 0 0.000104161318644547 
35 0 0.000118326142219627 
36 0 0.000129158377552785 
37 0 0.000134157279044644 
38 0 0.000147488748988067 
39 0 0.000142489948931956 
40 0 0.000184983087084145 
41 0 0.000174151711707426 
42 0 0.000197480183529275 
43 0 0.000220808796943528 
44 0 0.000248302985207616 
45 0 0.000307452700282873 
46 0 0.000368265826905523 
47 0 0.00037576311666998 
48 0 0.000395756123965696 
49 0 0.000453231431214896 
50 0 0.0005107045661219 
51 0 0.00053735780250852 
52 0 0.000623142086764616 
53 0 0.00070725383504866 
54 0 0.000748891087744341 
55 0 0.000882118842579827 
56 0 0.000890445494529546 
57 0 0.00100700531607167 
58 0 0.00109691356935648 
59 0 0.00120346307653119 
60 0 0.00140737543643832 
61 0 0.00144149627717505 
62 0 0.00150890204981258 
63 0 0.00177682073991015 
64 0 0.00189411905690406 
65 0 0.00211703702658572 
66 0 0.00234905972450472 
67 0 0.00243553669471941 
68 0 0.00283291988856427 
69 0 0.0031562213457631 
70 0 0.00350021058109617 
71 0 0.00364642012894445 
72 0 0.00397367455951492 
73 0 0.00449679089888178 
74 0 0.00482800095993241 
75 0 0.00534003257656057 
76 0 0.00585853773918332 
77 0 0.00601281464564729 
78 0 0.0068942616612987 
79 0 0.00747614676059816 
80 0 0.00798330294353544 
81 0 0.00816890099246681 
82 0 0.00936999167184416 
83 0 0.0105167996462268 
84 0 0.0111260851586742 
85 0 0.0122865210829041 
86 0 0.0130197762230613 
87 0 0.0149935328482133 
88 0 0.0156299774711576 
89 0 0.0159999507557677 
90 0 0.0190643886702071 
91 0 0.0202617226493982 
92 0 0.0202534364854854 
93 0 0.0224062845185493 
94 0 0.0239472232811356 
95 0 0.0273787891815178 
96 0 0.0280164598094678 
97 0 0.0298866162034793 
98 0 0.0318134397690053 
99 0 0.0337903379114695 
100 0 0.0358099318496826 
101 0 0.0833333333333333 
