** Period (Monthly) Age-Specific Fertility Rates for Australia in 2023 
* Retrieved from the World Population Prospects 2024 
* https://population.un.org/wpp/assets/Excel%20Files/1_Indicator%20(Standard)/CSV_FILES/WPP2024_Fertility_by_Age1.csv.gz 
* United Nations. Population Division. Department of Economic and Social Affairs 
* Data downloaded on  03 Jul 2025 17:37:00 CEST 
** NB: The original WPP annual rates have been converted into monthly rates 

birth 1 F single 0 
15 0 0 
16 0 0.0000395 
17 0 0.0001345 
18 0 0.00040825 
19 0 0.00086775 
20 0 0.00142641666666667 
21 0 0.00204733333333333 
22 0 0.00259241666666667 
23 0 0.003061 
24 0 0.00354016666666667 
25 0 0.0040805 
26 0 0.00480616666666667 
27 0 0.00575491666666667 
28 0 0.00685008333333333 
29 0 0.00801991666666667 
30 0 0.00901541666666667 
31 0 0.00975683333333333 
32 0 0.0100315833333333 
33 0 0.00986025 
34 0 0.00944066666666667 
35 0 0.00880916666666667 
36 0 0.00794258333333333 
37 0 0.00684708333333333 
38 0 0.00574483333333333 
39 0 0.00468066666666667 
40 0 0.00364658333333333 
41 0 0.002594 
42 0 0.0017785 
43 0 0.00113141666666667 
44 0 0.000672166666666667 
45 0 0.000389416666666667 
46 0 0.000255916666666667 
47 0 0.00014575 
48 0 0.0000748333333333333 
49 0 0.0000293333333333333 
50 0 0.00000608333333333333 
101 0 0 

birth 1 F married 0 
15 0 0 
16 0 0.0000395 
17 0 0.0001345 
18 0 0.00040825 
19 0 0.00086775 
20 0 0.00142641666666667 
21 0 0.00204733333333333 
22 0 0.00259241666666667 
23 0 0.003061 
24 0 0.00354016666666667 
25 0 0.0040805 
26 0 0.00480616666666667 
27 0 0.00575491666666667 
28 0 0.00685008333333333 
29 0 0.00801991666666667 
30 0 0.00901541666666667 
31 0 0.00975683333333333 
32 0 0.0100315833333333 
33 0 0.00986025 
34 0 0.00944066666666667 
35 0 0.00880916666666667 
36 0 0.00794258333333333 
37 0 0.00684708333333333 
38 0 0.00574483333333333 
39 0 0.00468066666666667 
40 0 0.00364658333333333 
41 0 0.002594 
42 0 0.0017785 
43 0 0.00113141666666667 
44 0 0.000672166666666667 
45 0 0.000389416666666667 
46 0 0.000255916666666667 
47 0 0.00014575 
48 0 0.0000748333333333333 
49 0 0.0000293333333333333 
50 0 0.00000608333333333333 
101 0 0 
