** Period (Monthly) Age-Specific Fertility Rates for Australia in 2001 
* Retrieved from the World Population Prospects 2024 
* https://population.un.org/wpp/assets/Excel%20Files/1_Indicator%20(Standard)/CSV_FILES/WPP2024_Fertility_by_Age1.csv.gz 
* United Nations. Population Division. Department of Economic and Social Affairs 
* Data downloaded on  03 Jul 2025 17:36:55 CEST 
** NB: The original WPP annual rates have been converted into monthly rates 

birth 1 F single 0 
15 0 0 
16 0 0.000282583333333333 
17 0 0.00060575 
18 0 0.00131116666666667 
19 0 0.00206633333333333 
20 0 0.003087 
21 0 0.003623 
22 0 0.00403941666666667 
23 0 0.004839 
24 0 0.00546366666666667 
25 0 0.00623825 
26 0 0.00713858333333333 
27 0 0.00796358333333333 
28 0 0.00881383333333333 
29 0 0.00957983333333333 
30 0 0.01016075 
31 0 0.00986266666666667 
32 0 0.0099465 
33 0 0.00935991666666667 
34 0 0.00850516666666667 
35 0 0.00739908333333333 
36 0 0.00621775 
37 0 0.00509258333333333 
38 0 0.00396733333333333 
39 0 0.0030505 
40 0 0.00225041666666667 
41 0 0.001515 
42 0 0.00105208333333333 
43 0 0.0006565 
44 0 0.000370333333333333 
45 0 0.000185166666666667 
46 0 0.00009075 
47 0 0.0000454166666666667 
48 0 0.00002725 
49 0 0.00000908333333333333 
50 0 0.00000241666666666667 
101 0 0 

birth 1 F married 0 
15 0 0 
16 0 0.000282583333333333 
17 0 0.00060575 
18 0 0.00131116666666667 
19 0 0.00206633333333333 
20 0 0.003087 
21 0 0.003623 
22 0 0.00403941666666667 
23 0 0.004839 
24 0 0.00546366666666667 
25 0 0.00623825 
26 0 0.00713858333333333 
27 0 0.00796358333333333 
28 0 0.00881383333333333 
29 0 0.00957983333333333 
30 0 0.01016075 
31 0 0.00986266666666667 
32 0 0.0099465 
33 0 0.00935991666666667 
34 0 0.00850516666666667 
35 0 0.00739908333333333 
36 0 0.00621775 
37 0 0.00509258333333333 
38 0 0.00396733333333333 
39 0 0.0030505 
40 0 0.00225041666666667 
41 0 0.001515 
42 0 0.00105208333333333 
43 0 0.0006565 
44 0 0.000370333333333333 
45 0 0.000185166666666667 
46 0 0.00009075 
47 0 0.0000454166666666667 
48 0 0.00002725 
49 0 0.00000908333333333333 
50 0 0.00000241666666666667 
101 0 0 
