** Period (Monthly) Age-Specific Probabilities of Death for Australia in 1969 
* Retrieved from the World Population Prospects 2024. Single age life tables up to age 100 Medium variant 
* https://population.un.org/wpp/assets/Excel%20Files/1_Indicator%20(Standard)/CSV_FILES/WPP2024_Life_Table_Complete_Medium_Female_1950-2023.csv.gz and 
* https://population.un.org/wpp/assets/Excel%20Files/1_Indicator%20(Standard)/CSV_FILES/WPP2024_Life_Table_Complete_Medium_Male_1950-2023.csv.gz and 
* United Nations. Population Division. Department of Economic and Social Affairs 
* Data downloaded on  03 Jul 2025 17:37:12 CEST 
** NB: The original WPP annual probabilities have been converted into monthly probabilities 
** The final age interval is limited to one year [100-101) 

death 1 F single 
1 0 0.00133256154322092 
2 0 0.000119159730383234 
3 0 0.0000708309204254798 
4 0 0.0000566651568346677 
5 0 0.0000458323849097386 
6 0 0.0000358328944697339 
7 0 0.000031666347917958 
8 0 0.0000374993998274453 
9 0 0.0000199996997872764 
10 0 0.0000258328366956606 
11 0 0.0000158330453632338 
12 0 0.0000191661869225479 
13 0 0.0000191661869225479 
14 0 0.0000183335152015296 
15 0 0.0000241665451951034 
16 0 0.0000374993998274453 
17 0 0.0000399987982981909 
18 0 0.0000499987470196084 
19 0 0.0000466653085511304 
20 0 0.0000633312216504756 
21 0 0.0000483320125058695 
22 0 0.0000433319923137665 
23 0 0.000038332247120576 
24 0 0.0000499987470196084 
25 0 0.000047499073593138 
26 0 0.0000483320125058695 
27 0 0.0000524984891835389 
28 0 0.000050831708836796 
29 0 0.0000583320441455148 
30 0 0.0000683306740973944 
31 0 0.0000416662137441293 
32 0 0.0000599981281388384 
33 0 0.0000683306740973944 
34 0 0.0000649982312016517 
35 0 0.0000874962601642437 
36 0 0.0000949954503661754 
37 0 0.00010249442502086 
38 0 0.000121658871843011 
39 0 0.000113327276884068 
40 0 0.00013915729007774 
41 0 0.000144989731928336 
42 0 0.000149988669465251 
43 0 0.00020414572588634 
44 0 0.000194148013207274 
45 0 0.00022747437958015 
46 0 0.000224974833229918 
47 0 0.000254968077593176 
48 0 0.000299955191030321 
49 0 0.000347439827735441 
50 0 0.000339942364806278 
51 0 0.000399920980766133 
52 0 0.000402419484254457 
53 0 0.00047155692560874 
54 0 0.00050487374625674 
55 0 0.000636467446052835 
56 0 0.000565675792430054 
57 0 0.00068143817658195 
58 0 0.000661451048479478 
59 0 0.000794690076516558 
60 0 0.000841319605842439 
61 0 0.000929577095657441 
62 0 0.000962880431794155 
63 0 0.00114602773049377 
64 0 0.00121428359699138 
65 0 0.00136576347534456 
66 0 0.00149309128255304 
67 0 0.0015804636399025 
68 0 0.0016045946797717 
69 0 0.00208959031001466 
70 0 0.00247461586688547 
71 0 0.00238564627258675 
72 0 0.00247710961497072 
73 0 0.00297006321456483 
74 0 0.00332324126988093 
75 0 0.00390058926264536 
76 0 0.00439965480172977 
77 0 0.00479978038910245 
78 0 0.00488609991519195 
79 0 0.00596139088958969 
80 0 0.00654355708759746 
81 0 0.00650707383080873 
82 0 0.00688763012083748 
83 0 0.00799158927216226 
84 0 0.00906686930590095 
85 0 0.0106020717731602 
86 0 0.0109207919526431 
87 0 0.0126316375589559 
88 0 0.0134236298159292 
89 0 0.0143653963379949 
90 0 0.015937874257964 
91 0 0.0170984276773095 
92 0 0.0166770538184745 
93 0 0.0218860759032102 
94 0 0.0216198108041363 
95 0 0.0239214717701177 
96 0 0.025656871870311 
97 0 0.0275966538095677 
98 0 0.0296111104894816 
99 0 0.0316931495907943 
100 0 0.0338344890286805 
101 0 0.0833333333333333 

death 1 M single 
1 0 0.00175877372063737 
2 0 0.00013915729007774 
3 0 0.0000633312216504756 
4 0 0.0000549983000887044 
5 0 0.0000558321415637941 
6 0 0.0000458323849097386 
7 0 0.0000458323849097386 
8 0 0.0000333327768948788 
9 0 0.0000308327280768017 
10 0 0.0000349992364201412 
11 0 0.0000308327280768017 
12 0 0.0000333327768948788 
13 0 0.0000424990992133889 
14 0 0.0000483320125058695 
15 0 0.0000483320125058695 
16 0 0.0000541653000921682 
17 0 0.0000624981452916895 
18 0 0.000129991230535031 
19 0 0.000137490589173339 
20 0 0.000173318453996263 
21 0 0.000161653648042992 
22 0 0.000154987881941571 
23 0 0.000149988669465251 
24 0 0.00011415998482589 
25 0 0.000119992491757204 
26 0 0.000118326142219627 
27 0 0.0000924953734962042 
28 0 0.000129991230535031 
29 0 0.000133324387889933 
30 0 0.000124992558143577 
31 0 0.000105827408531933 
32 0 0.000134157279044644 
33 0 0.000145822729980871 
34 0 0.00013832351850418 
35 0 0.000171651961490049 
36 0 0.000165819478322393 
37 0 0.000173318453996263 
38 0 0.000188315756484148 
39 0 0.000209144577024478 
40 0 0.000238305427479157 
41 0 0.000241637546014029 
42 0 0.000268297221504454 
43 0 0.000346607489323691 
44 0 0.00033327856547638 
45 0 0.000389924306042122 
46 0 0.000408250429974832 
47 0 0.000449066642764784 
48 0 0.00054235489738419 
49 0 0.000599822376710302 
50 0 0.000724741912007998 
51 0 0.000662283757696835 
52 0 0.000735567711535601 
53 0 0.00079385699336576 
54 0 0.000936237627980452 
55 0 0.00112604948719264 
56 0 0.00113104363596261 
57 0 0.00126672138256601 
58 0 0.00133164063862212 
59 0 0.00163122055858855 
60 0 0.00182424068819176 
61 0 0.00190410145575881 
62 0 0.00195900257577342 
63 0 0.00231330258443241 
64 0 0.00247461586688547 
65 0 0.00281047720917327 
66 0 0.00304735476837903 
67 0 0.00296092104256451 
68 0 0.0035691638741 
69 0 0.00434651804420227 
70 0 0.00473005672124427 
71 0 0.00456403456894949 
72 0 0.00471677521517833 
73 0 0.00537737045204578 
74 0 0.00603189100179413 
75 0 0.00664719982575668 
76 0 0.0071479248853985 
77 0 0.00810593166669649 
78 0 0.00791452868312315 
79 0 0.00965900691244104 
80 0 0.00997200857605607 
81 0 0.0103445942814024 
82 0 0.00974678305435628 
83 0 0.0112403184438825 
84 0 0.0128873628018249 
85 0 0.0137430706091046 
86 0 0.0147684251955416 
87 0 0.0164783848193926 
88 0 0.0180299151125999 
89 0 0.0184630405227558 
90 0 0.021959906662367 
91 0 0.0203959982816263 
92 0 0.0241657159464601 
93 0 0.0199219320443123 
94 0 0.0278596710812202 
95 0 0.0285768618111802 
96 0 0.0296716493967054 
97 0 0.0314553518459045 
98 0 0.0332834320965448 
99 0 0.0351500938579536 
100 0 0.0370490084072624 
101 0 0.0833333333333333 
