** Period (Monthly) Age-Specific Fertility Rates for Australia in 1985 
* Retrieved from the World Population Prospects 2024 
* https://population.un.org/wpp/assets/Excel%20Files/1_Indicator%20(Standard)/CSV_FILES/WPP2024_Fertility_by_Age1.csv.gz 
* United Nations. Population Division. Department of Economic and Social Affairs 
* Data downloaded on  03 Jul 2025 17:36:52 CEST 
** NB: The original WPP annual rates have been converted into monthly rates 

birth 1 F single 0 
15 0 0 
16 0 0.000431083333333333 
17 0 0.000820833333333333 
18 0 0.00171475 
19 0 0.00274683333333333 
20 0 0.00382775 
21 0 0.00507925 
22 0 0.00633258333333333 
23 0 0.00783333333333333 
24 0 0.00943291666666667 
25 0 0.0105790833333333 
26 0 0.0116633333333333 
27 0 0.0123605 
28 0 0.0126639166666667 
29 0 0.0121964166666667 
30 0 0.0109661666666667 
31 0 0.0101214166666667 
32 0 0.00860525 
33 0 0.00718741666666667 
34 0 0.005827 
35 0 0.00472058333333333 
36 0 0.00370608333333333 
37 0 0.00270733333333333 
38 0 0.00212125 
39 0 0.00141141666666667 
40 0 0.00108125 
41 0 0.000766083333333333 
42 0 0.00043775 
43 0 0.000328333333333333 
44 0 0.000159916666666667 
45 0 0.000117833333333333 
46 0 0.00003 
47 0 0.000015 
48 0 0.00001 
49 0 0.000005 
50 0 0.0000115833333333333 
101 0 0 

birth 1 F married 0 
15 0 0 
16 0 0.000431083333333333 
17 0 0.000820833333333333 
18 0 0.00171475 
19 0 0.00274683333333333 
20 0 0.00382775 
21 0 0.00507925 
22 0 0.00633258333333333 
23 0 0.00783333333333333 
24 0 0.00943291666666667 
25 0 0.0105790833333333 
26 0 0.0116633333333333 
27 0 0.0123605 
28 0 0.0126639166666667 
29 0 0.0121964166666667 
30 0 0.0109661666666667 
31 0 0.0101214166666667 
32 0 0.00860525 
33 0 0.00718741666666667 
34 0 0.005827 
35 0 0.00472058333333333 
36 0 0.00370608333333333 
37 0 0.00270733333333333 
38 0 0.00212125 
39 0 0.00141141666666667 
40 0 0.00108125 
41 0 0.000766083333333333 
42 0 0.00043775 
43 0 0.000328333333333333 
44 0 0.000159916666666667 
45 0 0.000117833333333333 
46 0 0.00003 
47 0 0.000015 
48 0 0.00001 
49 0 0.000005 
50 0 0.0000115833333333333 
101 0 0 
