** Period (Monthly) Age-Specific Probabilities of Death for Australia in 1994 
* Retrieved from the World Population Prospects 2024. Single age life tables up to age 100 Medium variant 
* https://population.un.org/wpp/assets/Excel%20Files/1_Indicator%20(Standard)/CSV_FILES/WPP2024_Life_Table_Complete_Medium_Female_1950-2023.csv.gz and 
* https://population.un.org/wpp/assets/Excel%20Files/1_Indicator%20(Standard)/CSV_FILES/WPP2024_Life_Table_Complete_Medium_Male_1950-2023.csv.gz and 
* United Nations. Population Division. Department of Economic and Social Affairs 
* Data downloaded on  03 Jul 2025 17:37:27 CEST 
** NB: The original WPP annual probabilities have been converted into monthly probabilities 
** The final age interval is limited to one year [100-101) 

death 1 F single 
1 0 0.00044487357283074 
2 0 0.000050831708836796 
3 0 0.0000266664106883807 
4 0 0.0000141669371428454 
5 0 0.0000166665276674083 
6 0 0.00000999971661719279 
7 0 0.0000133334777554506 
8 0 0.0000125000260093877 
9 0 0.00000916629543457059 
10 0 0.00000833371530217786 
11 0 0.0000149995707006134 
12 0 0.00000916629543457059 
13 0 0.0000141669371428454 
14 0 0.00000999971661719279 
15 0 0.0000191661869225479 
16 0 0.0000149995707006134 
17 0 0.0000199996997872764 
18 0 0.0000299999494883796 
19 0 0.0000333327768948788 
20 0 0.0000250001039088232 
21 0 0.0000308327280768017 
22 0 0.000031666347917958 
23 0 0.000031666347917958 
24 0 0.0000283327480117279 
25 0 0.0000333327768948788 
26 0 0.000039165935736496 
27 0 0.000031666347917958 
28 0 0.0000299999494883796 
29 0 0.0000349992364201412 
30 0 0.0000341664196621405 
31 0 0.000038332247120576 
32 0 0.0000433319923137665 
33 0 0.0000366657264949666 
34 0 0.0000424990992133889 
35 0 0.0000408325021981071 
36 0 0.000060831181586618 
37 0 0.0000583320441455148 
38 0 0.000060831181586618 
39 0 0.0000666644373789049 
40 0 0.0000774971901148502 
41 0 0.0000708309204254798 
42 0 0.0000899961995437515 
43 0 0.0000933287248128245 
44 0 0.000115826257990559 
45 0 0.000109994018370752 
46 0 0.000125825372957022 
47 0 0.000123326116942768 
48 0 0.000150821713331251 
49 0 0.000153321725478772 
50 0 0.000197480183529275 
51 0 0.000191648548085177 
52 0 0.000219975946741502 
53 0 0.000255800412828022 
54 0 0.000254134914314252 
55 0 0.000259966381945254 
56 0 0.000330779453058483 
57 0 0.000347439827735441 
58 0 0.000405751766163753 
59 0 0.000403253171055162 
60 0 0.000462394135232413 
61 0 0.000500709103997576 
62 0 0.000543187354085872 
63 0 0.000558179586818475 
64 0 0.000708086964205656 
65 0 0.000728905916094535 
66 0 0.000808012879143338 
67 0 0.00092541398481516 
68 0 0.00100950287678425 
69 0 0.00116766987993711 
70 0 0.00129834974145204 
71 0 0.00134495703323667 
72 0 0.00144898615866407 
73 0 0.0017102627994533 
74 0 0.00193487927614655 
75 0 0.00224012225770043 
76 0 0.00241474967700128 
77 0 0.00275062772114587 
78 0 0.00300247636314788 
79 0 0.00331659418047059 
80 0 0.00379261495519234 
81 0 0.00440795742290967 
82 0 0.00499897298718133 
83 0 0.00546863703043243 
84 0 0.00620937290617507 
85 0 0.00700534649022144 
86 0 0.00759134511065829 
87 0 0.0088490319120641 
88 0 0.00960683672370366 
89 0 0.0108727777882164 
90 0 0.0129279146092599 
91 0 0.0139309260068632 
92 0 0.0147874597873958 
93 0 0.0177392646511534 
94 0 0.0186444243735746 
95 0 0.0206579407821884 
96 0 0.0230327362609036 
97 0 0.0252974112689243 
98 0 0.0276863361492332 
99 0 0.0301886666561513 
100 0 0.0327906641767585 
101 0 0.0833333333333333 

death 1 M single 
1 0 0.000546876075756653 
2 0 0.0000449986351540588 
3 0 0.000029166344928 
4 0 0.0000308327280768017 
5 0 0.0000216667484441713 
6 0 0.0000208332202944472 
7 0 0.0000133334777554506 
8 0 0.0000141669371428454 
9 0 0.0000108331454403698 
10 0 0.0000141669371428454 
11 0 0.0000175000176134699 
12 0 0.0000166665276674083 
13 0 0.0000116665819044348 
14 0 0.0000166665276674083 
15 0 0.0000324991417722797 
16 0 0.0000258328366956606 
17 0 0.0000458323849097386 
18 0 0.0000733304015181346 
19 0 0.0000816633356361951 
20 0 0.000103327868011815 
21 0 0.0000899961995437515 
22 0 0.000100828396221719 
23 0 0.000104994776919165 
24 0 0.0000924953734962042 
25 0 0.0000949954503661754 
26 0 0.0000916628639935357 
27 0 0.000113327276884068 
28 0 0.0000949954503661754 
29 0 0.000104161318644547 
30 0 0.000109160514256912 
31 0 0.000100828396221719 
32 0 0.0000966622064806355 
33 0 0.000115826257990559 
34 0 0.000119159730383234 
35 0 0.000122492490570281 
36 0 0.000119992491757204 
37 0 0.000142489948931956 
38 0 0.000134157279044644 
39 0 0.000123326116942768 
40 0 0.000147488748988067 
41 0 0.000142489948931956 
42 0 0.000149988669465251 
43 0 0.000164153123299315 
44 0 0.000163319957243613 
45 0 0.000194981461896671 
46 0 0.000184149730071081 
47 0 0.000236638578515747 
48 0 0.000264964961197434 
49 0 0.000225807729240191 
50 0 0.000299955191030321 
51 0 0.000324114652930696 
52 0 0.00034993939835537 
53 0 0.000371598530131356 
54 0 0.000435739430054705 
55 0 0.000483218015083553 
56 0 0.000509871568946552 
57 0 0.000578168327047046 
58 0 0.000643962560745281 
59 0 0.000784697785736421 
60 0 0.000870461970753023 
61 0 0.000859637750034947 
62 0 0.00105778738049622 
63 0 0.00117932359865169 
64 0 0.00133746727233586 
65 0 0.00141070416795119 
66 0 0.00155300493765842 
67 0 0.00179761932702538 
68 0 0.00200308796933024 
69 0 0.00225426033797238 
70 0 0.00239895055395556 
71 0 0.00255193853659907 
72 0 0.00289027294516486 
73 0 0.00309888088664978 
74 0 0.00367964807412013 
75 0 0.00414557705979257 
76 0 0.00412647751699724 
77 0 0.00480227044720716 
78 0 0.00543793826110506 
79 0 0.00584194835396035 
80 0 0.00677405150193888 
81 0 0.00708658398725426 
82 0 0.00798247471660096 
83 0 0.00898901317728362 
84 0 0.00957950905719518 
85 0 0.0110019172744737 
86 0 0.0118478643690839 
87 0 0.0128418453268778 
88 0 0.014376981701249 
89 0 0.0157996499227778 
90 0 0.0176738516362646 
91 0 0.0191149221922469 
92 0 0.0205684119707402 
93 0 0.0234505535854751 
94 0 0.0261497052170239 
95 0 0.0274279498889615 
96 0 0.0297744585609455 
97 0 0.032174710022174 
98 0 0.0346503357345409 
99 0 0.0371867320644319 
100 0 0.0397677668098161 
101 0 0.0833333333333333 
