** Period (Monthly) Age-Specific Probabilities of Death for Australia in 1978 
* Retrieved from the World Population Prospects 2024. Single age life tables up to age 100 Medium variant 
* https://population.un.org/wpp/assets/Excel%20Files/1_Indicator%20(Standard)/CSV_FILES/WPP2024_Life_Table_Complete_Medium_Female_1950-2023.csv.gz and 
* https://population.un.org/wpp/assets/Excel%20Files/1_Indicator%20(Standard)/CSV_FILES/WPP2024_Life_Table_Complete_Medium_Male_1950-2023.csv.gz and 
* United Nations. Population Division. Department of Economic and Social Affairs 
* Data downloaded on  03 Jul 2025 17:37:18 CEST 
** NB: The original WPP annual probabilities have been converted into monthly probabilities 
** The final age interval is limited to one year [100-101) 

death 1 F single 
1 0 0.000892691591302341 
2 0 0.0000699977753336745 
3 0 0.0000533323077286374 
4 0 0.0000324991417722797 
5 0 0.0000333327768948788 
6 0 0.0000216667484441713 
7 0 0.0000241665451951034 
8 0 0.0000175000176134699 
9 0 0.0000183335152015296 
10 0 0.0000175000176134699 
11 0 0.0000158330453632338 
12 0 0.0000216667484441713 
13 0 0.0000191661869225479 
14 0 0.0000216667484441713 
15 0 0.0000183335152015296 
16 0 0.000029166344928 
17 0 0.000038332247120576 
18 0 0.0000458323849097386 
19 0 0.000050831708836796 
20 0 0.0000583320441455148 
21 0 0.0000516655120934573 
22 0 0.000049165792834871 
23 0 0.000050831708836796 
24 0 0.0000433319923137665 
25 0 0.0000433319923137665 
26 0 0.0000374993998274453 
27 0 0.0000449986351540588 
28 0 0.0000441657267835627 
29 0 0.0000424990992133889 
30 0 0.0000341664196621405 
31 0 0.0000599981281388384 
32 0 0.0000549983000887044 
33 0 0.0000566651568346677 
34 0 0.0000624981452916895 
35 0 0.0000641643056439323 
36 0 0.0000733304015181346 
37 0 0.0000749975944498438 
38 0 0.000095828824603239 
39 0 0.0000991615637143672 
40 0 0.000113327276884068 
41 0 0.000127491859978179 
42 0 0.000135823918829381 
43 0 0.000158321121281002 
44 0 0.000158321121281002 
45 0 0.000158321121281002 
46 0 0.000199979809025752 
47 0 0.000214977335175948 
48 0 0.000239138445660148 
49 0 0.000259966381945254 
50 0 0.000281627484634672 
51 0 0.00031411795098979 
52 0 0.000318283249207019 
53 0 0.000372431097468984 
54 0 0.000410749999600224 
55 0 0.000470723449578547 
56 0 0.000488215484566235 
57 0 0.000526529610892834 
58 0 0.000593992545516842 
59 0 0.000611482322501966 
60 0 0.00068893280409954 
61 0 0.000789694214033188 
62 0 0.000780534585587023 
63 0 0.000942898648786161 
64 0 0.00102448799806309 
65 0 0.00108858905138298 
66 0 0.00111439501057664 
67 0 0.00121678095324063 
68 0 0.00140987218522182 
69 0 0.00160043358093109 
70 0 0.00172690216775229 
71 0 0.00184171055111082 
72 0 0.0019756390778789 
73 0 0.00239811972786963 
74 0 0.00272735180247852 
75 0 0.0029476227142059 
76 0 0.00333819770740817 
77 0 0.00352679517564081 
78 0 0.00394626827582456 
79 0 0.00453580946237619 
80 0 0.00474831813421306 
81 0 0.00562377879407405 
82 0 0.00590167034499867 
83 0 0.00676493158496771 
84 0 0.00780349138817249 
85 0 0.00892771995120645 
86 0 0.00931284824182599 
87 0 0.0110797284149732 
88 0 0.0115738958538851 
89 0 0.0124628034171778 
90 0 0.0148925649478122 
91 0 0.015477689299939 
92 0 0.0164618278905431 
93 0 0.0175065970999707 
94 0 0.0180423352947181 
95 0 0.0210136085464383 
96 0 0.0226659924577597 
97 0 0.0244242416677082 
98 0 0.0262619107593608 
99 0 0.0281743819619487 
100 0 0.0301558950296698 
101 0 0.0833333333333333 

death 1 M single 
1 0 0.00114009860409359 
2 0 0.0000858296721063523 
3 0 0.0000533323077286374 
4 0 0.0000483320125058695 
5 0 0.0000366657264949666 
6 0 0.0000283327480117279 
7 0 0.0000258328366956606 
8 0 0.000023332994124492 
9 0 0.0000208332202944472 
10 0 0.0000241665451951034 
11 0 0.0000208332202944472 
12 0 0.000029166344928 
13 0 0.0000274999923247643 
14 0 0.000031666347917958 
15 0 0.0000458323849097386 
16 0 0.0000591650823251744 
17 0 0.0000774971901148502 
18 0 0.000124992558143577 
19 0 0.000167485863895145 
20 0 0.000170818726694777 
21 0 0.000164153123299315 
22 0 0.000171651961490049 
23 0 0.000160820504897741 
24 0 0.000150821713331251 
25 0 0.000123326116942768 
26 0 0.000116659823229059 
27 0 0.000112493742205344 
28 0 0.000130824925681949 
29 0 0.0000933287248128245 
30 0 0.000113327276884068 
31 0 0.00010249442502086 
32 0 0.000112493742205344 
33 0 0.000106660882083109 
34 0 0.000124158916488093 
35 0 0.000107494363276728 
36 0 0.000135823918829381 
37 0 0.000134157279044644 
38 0 0.000159154241516912 
39 0 0.000173318453996263 
40 0 0.000161653648042992 
41 0 0.00016665266728999 
42 0 0.00022747437958015 
43 0 0.000259966381945254 
44 0 0.000295789896677556 
45 0 0.000314950828115612 
46 0 0.000322448738340642 
47 0 0.00036909920043493 
48 0 0.00041324880085114 
49 0 0.000445735284409055 
50 0 0.00051570187147465 
51 0 0.000578168327047046 
52 0 0.00060981700373719 
53 0 0.000714748912882923 
54 0 0.000748891087744341 
55 0 0.00086213546792302 
56 0 0.000907097722042449 
57 0 0.00103447804797863 
58 0 0.00115185428023357 
59 0 0.0013549443423686 
60 0 0.00141569791729979 
61 0 0.00148310485819647 
62 0 0.00159960155368211 
63 0 0.00187332216192493 
64 0 0.00216028445701177 
65 0 0.00218856098790665 
66 0 0.00240809698911848 
67 0 0.00252865872202035 
68 0 0.00300330757778666 
69 0 0.00333321195390845 
70 0 0.00367881757403554 
71 0 0.00367134081270837 
72 0 0.00391553867347372 
73 0 0.00445860144278509 
74 0 0.00495996633859686 
75 0 0.00567687206423506 
76 0 0.00582038128409768 
77 0 0.00650458561097766 
78 0 0.00710067625623867 
79 0 0.00859141460509583 
80 0 0.00832465961656392 
81 0 0.00910910938380693 
82 0 0.0097169717417247 
83 0 0.0107469467955545 
84 0 0.0114729131455166 
85 0 0.0130926028836217 
86 0 0.0138084474515312 
87 0 0.0145557390692272 
88 0 0.0158319295564486 
89 0 0.0168210939959151 
90 0 0.0183479207232848 
91 0 0.0192309036746283 
92 0 0.0211968588362061 
93 0 0.0199128165512182 
94 0 0.0260465145391707 
95 0 0.0257045523422121 
96 0 0.0272465359395504 
97 0 0.0289653243351714 
98 0 0.0307359737761737 
99 0 0.0325534859832308 
100 0 0.0344122380122956 
101 0 0.0833333333333333 
