** Period (Monthly) Age-Specific Probabilities of Death for Australia in 1965 
* Retrieved from the World Population Prospects 2024. Single age life tables up to age 100 Medium variant 
* https://population.un.org/wpp/assets/Excel%20Files/1_Indicator%20(Standard)/CSV_FILES/WPP2024_Life_Table_Complete_Medium_Female_1950-2023.csv.gz and 
* https://population.un.org/wpp/assets/Excel%20Files/1_Indicator%20(Standard)/CSV_FILES/WPP2024_Life_Table_Complete_Medium_Male_1950-2023.csv.gz and 
* United Nations. Population Division. Department of Economic and Social Affairs 
* Data downloaded on  03 Jul 2025 17:37:10 CEST 
** NB: The original WPP annual probabilities have been converted into monthly probabilities 
** The final age interval is limited to one year [100-101) 

death 1 F single 
1 0 0.00136542086379732 
2 0 0.000118326142219627 
3 0 0.0000666644373789049 
4 0 0.0000599981281388384 
5 0 0.0000458323849097386 
6 0 0.0000324991417722797 
7 0 0.0000349992364201412 
8 0 0.0000241665451951034 
9 0 0.0000224994506968779 
10 0 0.0000216667484441713 
11 0 0.0000283327480117279 
12 0 0.0000149995707006134 
13 0 0.0000224994506968779 
14 0 0.0000283327480117279 
15 0 0.0000266664106883807 
16 0 0.0000366657264949666 
17 0 0.0000424990992133889 
18 0 0.0000449986351540588 
19 0 0.0000549983000887044 
20 0 0.000047499073593138 
21 0 0.0000516655120934573 
22 0 0.0000549983000887044 
23 0 0.0000524984891835389 
24 0 0.0000574981797391017 
25 0 0.0000549983000887044 
26 0 0.0000591650823251744 
27 0 0.000060831181586618 
28 0 0.0000591650823251744 
29 0 0.0000591650823251744 
30 0 0.0000716640731535101 
31 0 0.0000641643056439323 
32 0 0.0000874962601642437 
33 0 0.0000949954503661754 
34 0 0.00010249442502086 
35 0 0.00006916463787765 
36 0 0.000119159730383234 
37 0 0.000110827530127589 
38 0 0.000120826095202364 
39 0 0.000134991012402996 
40 0 0.000181650539875733 
41 0 0.000143322924076039 
42 0 0.000165819478322393 
43 0 0.000230806936496686 
44 0 0.000192481973855463 
45 0 0.000247469883025708 
46 0 0.000304120676295483 
47 0 0.000280794076927493 
48 0 0.000324947621677563 
49 0 0.000347439827735441 
50 0 0.000411582925715859 
51 0 0.000411582925715859 
52 0 0.000405751766163753 
53 0 0.000491547562876504 
54 0 0.000473222225237491 
55 0 0.000611482322501966 
56 0 0.000586497358255555 
57 0 0.00062064337994594 
58 0 0.000754719944115356 
59 0 0.000806347316854583 
60 0 0.000835491077248562 
61 0 0.000941233137282782 
62 0 0.000901269179290676 
63 0 0.00112521673390842 
64 0 0.00119347468421782 
65 0 0.00144732149899007 
66 0 0.00169611838096495 
67 0 0.0014298452617284 
68 0 0.00179678719001142 
69 0 0.0020163967499699 
70 0 0.00232244978988039 
71 0 0.00248958195364812 
72 0 0.00257854303100502 
73 0 0.00305815874889914 
74 0 0.00377849464020075 
75 0 0.00389560551423362 
76 0 0.00438055930153347 
77 0 0.00447437518417937 
78 0 0.00474831813421306 
79 0 0.00592074815897758 
80 0 0.00679229050693986 
81 0 0.00717113364122957 
82 0 0.00739906928899048 
83 0 0.00836276918384837 
84 0 0.00967888052439814 
85 0 0.0112014127121012 
86 0 0.0122542428835218 
87 0 0.0128087426721075 
88 0 0.0144589115408329 
89 0 0.0152972656288417 
90 0 0.0163186245681496 
91 0 0.018708202834147 
92 0 0.0184497894605813 
93 0 0.0199045295089042 
94 0 0.0241731936987251 
95 0 0.0254899446151021 
96 0 0.0267641137414997 
97 0 0.0287139115067162 
98 0 0.0307322239653588 
99 0 0.0328116747677211 
100 0 0.0349438255911216 
101 0 0.0833333333333333 

death 1 M single 
1 0 0.0017416052355137 
2 0 0.000149155633233922 
3 0 0.0000841631146032418 
4 0 0.00006916463787765 
5 0 0.0000541653000921682 
6 0 0.0000366657264949666 
7 0 0.0000408325021981071 
8 0 0.0000408325021981071 
9 0 0.0000283327480117279 
10 0 0.0000299999494883796 
11 0 0.0000366657264949666 
12 0 0.0000349992364201412 
13 0 0.0000458323849097386 
14 0 0.0000441657267835627 
15 0 0.0000549983000887044 
16 0 0.0000591650823251744 
17 0 0.0000758307853678808 
18 0 0.000122492490570281 
19 0 0.000169985499537728 
20 0 0.000149988669465251 
21 0 0.000152488658700212 
22 0 0.000144155906853571 
23 0 0.000148322604637041 
24 0 0.000127491859978179 
25 0 0.000133324387889933 
26 0 0.000134991012402996 
27 0 0.000135823918829381 
28 0 0.000101661823937227 
29 0 0.000134991012402996 
30 0 0.000133324387889933 
31 0 0.000133324387889933 
32 0 0.000109994018370752 
33 0 0.000129991230535031 
34 0 0.000148322604637041 
35 0 0.000169152280018903 
36 0 0.000180817213416895 
37 0 0.000179983894598057 
38 0 0.00020247950326735 
39 0 0.000252468610669188 
40 0 0.00023413961561114 
41 0 0.000248302985207616 
42 0 0.000289125153974834 
43 0 0.000336610822274763 
44 0 0.000344108010344457 
45 0 0.000360769155620888 
46 0 0.000423244693038338 
47 0 0.000459062288242773 
48 0 0.000477387283282948 
49 0 0.000553182459983037 
50 0 0.000629804522102706 
51 0 0.000723909470093487 
52 0 0.00076304753064127 
53 0 0.000922083633528414 
54 0 0.00101366478792997 
55 0 0.00114519479397579 
56 0 0.00112937888918718 
57 0 0.00116683758897951 
58 0 0.00142568454714997 
59 0 0.0015521724973655 
60 0 0.00176434149625604 
61 0 0.00181009804747079 
62 0 0.00203885425886319 
63 0 0.002311639089013 
64 0 0.00249623291307188 
65 0 0.0029135451311102 
66 0 0.00352014872871786 
67 0 0.00291271387871983 
68 0 0.00357830174297458 
69 0 0.00373114874762559 
70 0 0.00443037331741902 
71 0 0.00455407289533971 
72 0 0.00488112052743095 
73 0 0.00574821329184683 
74 0 0.00607999519082436 
75 0 0.00654936166462516 
76 0 0.00724739098643701 
77 0 0.00781426392822226 
78 0 0.00792861534284739 
79 0 0.00914058234039061 
80 0 0.0101284995623926 
81 0 0.00989334672543962 
82 0 0.00993226355604238 
83 0 0.0114356656513535 
84 0 0.0122616911829145 
85 0 0.0147411157426885 
86 0 0.0159453218001739 
87 0 0.0175993308301917 
88 0 0.0200056318769469 
89 0 0.0204482174395366 
90 0 0.0204788872911981 
91 0 0.0233417758706443 
92 0 0.0242945017939565 
93 0 0.0267998738207291 
94 0 0.0262662248602976 
95 0 0.0278088230490539 
96 0 0.0310292712479968 
97 0 0.0327834132606399 
98 0 0.0345750209198478 
99 0 0.0363985322859147 
100 0 0.0382479693318457 
101 0 0.0833333333333333 
