** Period (Monthly) Age-Specific Fertility Rates for Australia in 1967 
* Retrieved from the World Population Prospects 2024 
* https://population.un.org/wpp/assets/Excel%20Files/1_Indicator%20(Standard)/CSV_FILES/WPP2024_Fertility_by_Age1.csv.gz 
* United Nations. Population Division. Department of Economic and Social Affairs 
* Data downloaded on  03 Jul 2025 17:36:48 CEST 
** NB: The original WPP annual rates have been converted into monthly rates 

birth 1 F single 0 
15 0 0 
16 0 0.000695916666666667 
17 0 0.00146575 
18 0 0.00351616666666667 
19 0 0.00606741666666667 
20 0 0.00839141666666667 
21 0 0.01014625 
22 0 0.0129506666666667 
23 0 0.0146055833333333 
24 0 0.0163066666666667 
25 0 0.01776075 
26 0 0.0176633333333333 
27 0 0.0169485833333333 
28 0 0.0160229166666667 
29 0 0.0139338333333333 
30 0 0.0123485 
31 0 0.0109181666666667 
32 0 0.009272 
33 0 0.00849525 
34 0 0.00754825 
35 0 0.00642108333333333 
36 0 0.00554941666666667 
37 0 0.0046595 
38 0 0.00398825 
39 0 0.00319275 
40 0 0.00259091666666667 
41 0 0.00200783333333333 
42 0 0.00137258333333333 
43 0 0.00110716666666667 
44 0 0.000707416666666667 
45 0 0.0004105 
46 0 0.000228416666666667 
47 0 0.000124166666666667 
48 0 0.000045 
49 0 0.0000166666666666667 
50 0 0.0000305 
101 0 0 

birth 1 F married 0 
15 0 0 
16 0 0.000695916666666667 
17 0 0.00146575 
18 0 0.00351616666666667 
19 0 0.00606741666666667 
20 0 0.00839141666666667 
21 0 0.01014625 
22 0 0.0129506666666667 
23 0 0.0146055833333333 
24 0 0.0163066666666667 
25 0 0.01776075 
26 0 0.0176633333333333 
27 0 0.0169485833333333 
28 0 0.0160229166666667 
29 0 0.0139338333333333 
30 0 0.0123485 
31 0 0.0109181666666667 
32 0 0.009272 
33 0 0.00849525 
34 0 0.00754825 
35 0 0.00642108333333333 
36 0 0.00554941666666667 
37 0 0.0046595 
38 0 0.00398825 
39 0 0.00319275 
40 0 0.00259091666666667 
41 0 0.00200783333333333 
42 0 0.00137258333333333 
43 0 0.00110716666666667 
44 0 0.000707416666666667 
45 0 0.0004105 
46 0 0.000228416666666667 
47 0 0.000124166666666667 
48 0 0.000045 
49 0 0.0000166666666666667 
50 0 0.0000305 
101 0 0 
