** Period (Monthly) Age-Specific Fertility Rates for Australia in 2015 
* Retrieved from the World Population Prospects 2024 
* https://population.un.org/wpp/assets/Excel%20Files/1_Indicator%20(Standard)/CSV_FILES/WPP2024_Fertility_by_Age1.csv.gz 
* United Nations. Population Division. Department of Economic and Social Affairs 
* Data downloaded on  03 Jul 2025 17:36:58 CEST 
** NB: The original WPP annual rates have been converted into monthly rates 

birth 1 F single 0 
15 0 0 
16 0 0.000122583333333333 
17 0 0.0003555 
18 0 0.00080725 
19 0 0.0014635 
20 0 0.00216958333333333 
21 0 0.002872 
22 0 0.00345875 
23 0 0.003939 
24 0 0.00443908333333333 
25 0 0.00501516666666667 
26 0 0.0057765 
27 0 0.006752 
28 0 0.00784708333333333 
29 0 0.008986 
30 0 0.00992058333333333 
31 0 0.0105738333333333 
32 0 0.0107355833333333 
33 0 0.0104323333333333 
34 0 0.00987666666666667 
35 0 0.00911108333333333 
36 0 0.00812233333333333 
37 0 0.00692758333333333 
38 0 0.00574675 
39 0 0.004625 
40 0 0.0035535 
41 0 0.00248308333333333 
42 0 0.00166525 
43 0 0.00102866666666667 
44 0 0.0005875 
45 0 0.000328 
46 0 0.00022 
47 0 0.000126416666666667 
48 0 0.0000674166666666667 
49 0 0.0000281666666666667 
50 0 0.00000725 
101 0 0 

birth 1 F married 0 
15 0 0 
16 0 0.000122583333333333 
17 0 0.0003555 
18 0 0.00080725 
19 0 0.0014635 
20 0 0.00216958333333333 
21 0 0.002872 
22 0 0.00345875 
23 0 0.003939 
24 0 0.00443908333333333 
25 0 0.00501516666666667 
26 0 0.0057765 
27 0 0.006752 
28 0 0.00784708333333333 
29 0 0.008986 
30 0 0.00992058333333333 
31 0 0.0105738333333333 
32 0 0.0107355833333333 
33 0 0.0104323333333333 
34 0 0.00987666666666667 
35 0 0.00911108333333333 
36 0 0.00812233333333333 
37 0 0.00692758333333333 
38 0 0.00574675 
39 0 0.004625 
40 0 0.0035535 
41 0 0.00248308333333333 
42 0 0.00166525 
43 0 0.00102866666666667 
44 0 0.0005875 
45 0 0.000328 
46 0 0.00022 
47 0 0.000126416666666667 
48 0 0.0000674166666666667 
49 0 0.0000281666666666667 
50 0 0.00000725 
101 0 0 
