** Period (Monthly) Age-Specific Fertility Rates for Australia in 1988 
* Retrieved from the World Population Prospects 2024 
* https://population.un.org/wpp/assets/Excel%20Files/1_Indicator%20(Standard)/CSV_FILES/WPP2024_Fertility_by_Age1.csv.gz 
* United Nations. Population Division. Department of Economic and Social Affairs 
* Data downloaded on  03 Jul 2025 17:36:52 CEST 
** NB: The original WPP annual rates have been converted into monthly rates 

birth 1 F single 0 
15 0 0 
16 0 0.000436083333333333 
17 0 0.000729666666666667 
18 0 0.00151675 
19 0 0.00237758333333333 
20 0 0.00347616666666667 
21 0 0.00458925 
22 0 0.00540841666666667 
23 0 0.00675433333333333 
24 0 0.00790783333333333 
25 0 0.00927041666666667 
26 0 0.01064675 
27 0 0.01139825 
28 0 0.0117656666666667 
29 0 0.0119660833333333 
30 0 0.0113565 
31 0 0.0104970833333333 
32 0 0.00906908333333333 
33 0 0.007591 
34 0 0.00640516666666667 
35 0 0.00525275 
36 0 0.00417025 
37 0 0.00318408333333333 
38 0 0.00235675 
39 0 0.00173833333333333 
40 0 0.00124525 
41 0 0.000829166666666667 
42 0 0.000475 
43 0 0.000328166666666667 
44 0 0.000181333333333333 
45 0 0.00007775 
46 0 0.0000325 
47 0 0.00001625 
48 0 0.00000541666666666667 
49 0 0.00000541666666666667 
50 0 0.0000126666666666667 
101 0 0 

birth 1 F married 0 
15 0 0 
16 0 0.000436083333333333 
17 0 0.000729666666666667 
18 0 0.00151675 
19 0 0.00237758333333333 
20 0 0.00347616666666667 
21 0 0.00458925 
22 0 0.00540841666666667 
23 0 0.00675433333333333 
24 0 0.00790783333333333 
25 0 0.00927041666666667 
26 0 0.01064675 
27 0 0.01139825 
28 0 0.0117656666666667 
29 0 0.0119660833333333 
30 0 0.0113565 
31 0 0.0104970833333333 
32 0 0.00906908333333333 
33 0 0.007591 
34 0 0.00640516666666667 
35 0 0.00525275 
36 0 0.00417025 
37 0 0.00318408333333333 
38 0 0.00235675 
39 0 0.00173833333333333 
40 0 0.00124525 
41 0 0.000829166666666667 
42 0 0.000475 
43 0 0.000328166666666667 
44 0 0.000181333333333333 
45 0 0.00007775 
46 0 0.0000325 
47 0 0.00001625 
48 0 0.00000541666666666667 
49 0 0.00000541666666666667 
50 0 0.0000126666666666667 
101 0 0 
