** Period (Monthly) Age-Specific Probabilities of Death for Australia in 2023 
* Retrieved from the World Population Prospects 2024. Single age life tables up to age 100 Medium variant 
* https://population.un.org/wpp/assets/Excel%20Files/1_Indicator%20(Standard)/CSV_FILES/WPP2024_Life_Table_Complete_Medium_Female_1950-2023.csv.gz and 
* https://population.un.org/wpp/assets/Excel%20Files/1_Indicator%20(Standard)/CSV_FILES/WPP2024_Life_Table_Complete_Medium_Male_1950-2023.csv.gz and 
* United Nations. Population Division. Department of Economic and Social Affairs 
* Data downloaded on  03 Jul 2025 17:37:45 CEST 
** NB: The original WPP annual probabilities have been converted into monthly probabilities 
** The final age interval is limited to one year [100-101) 

death 1 F single 
1 0 0.000255313211660058 
2 0 0.0000314287654843426 
3 0 0.00000952049850355685 
4 0 0.00000947299354125963 
5 0 0.00000320672322295934 
6 0 0.00000732196152064546 
7 0 0.00000530515479291171 
8 0 0.00000471678902924655 
9 0 0.00000398508734389402 
10 0 0.000000416667621516709 
11 0 0.000000416667621516709 
12 0 0.000000416667621516709 
13 0 0.000000416667621516709 
14 0 0.000000416667621516709 
15 0 0.000000416667621516709 
16 0 0.000000416667621516709 
17 0 0.000000416667621516709 
18 0 0.000000649168984456772 
19 0 0.000000416667621516709 
20 0 0.00000349340045369129 
21 0 0.0000090679522389836 
22 0 0.00000871708458616283 
23 0 0.00000867708075924511 
24 0 0.00000962300929641113 
25 0 0.00000871291752002623 
26 0 0.00000197918821109866 
27 0 0.00000622021279639284 
28 0 0.00000296421499235144 
29 0 0.00000149334559873537 
30 0 0.000000416667621516709 
31 0 0.000000416667621516709 
32 0 0.000000416667621516709 
33 0 0.00000389174996706654 
34 0 0.0000024500330143562 
35 0 0.00000356173643867308 
36 0 0.00000815203216264493 
37 0 0.0000116799169499471 
38 0 0.00000470595513446526 
39 0 0.0000164664912174484 
40 0 0.0000245483141373404 
41 0 0.0000222743952817961 
42 0 0.0000244166120066946 
43 0 0.0000342672909554587 
44 0 0.000042394050175143 
45 0 0.0000583562263274384 
46 0 0.0000619811247642987 
47 0 0.0000777123737356611 
48 0 0.0000851590416897086 
49 0 0.0000915552556062238 
50 0 0.000101987188182329 
51 0 0.000102485248013373 
52 0 0.000115227163771658 
53 0 0.000123371178045506 
54 0 0.000135649491901813 
55 0 0.000183108462056381 
56 0 0.000197474337509496 
57 0 0.000244785123238889 
58 0 0.000264397477824807 
59 0 0.000315019398660854 
60 0 0.000370555112288118 
61 0 0.000400126884988916 
62 0 0.000484898608681728 
63 0 0.000501828594706932 
64 0 0.00051015482065031 
65 0 0.000498829630776632 
66 0 0.000497351552529612 
67 0 0.000488763421661931 
68 0 0.000534102000618764 
69 0 0.000553783609860026 
70 0 0.000655310893067251 
71 0 0.000769938744557552 
72 0 0.000840973920769872 
73 0 0.00101969353522369 
74 0 0.00106225165993445 
75 0 0.00112677425031915 
76 0 0.00130328321034356 
77 0 0.00134411634952336 
78 0 0.00151701946036387 
79 0 0.00170873345209654 
80 0 0.00204542707591626 
81 0 0.00241207108563013 
82 0 0.00282193554574117 
83 0 0.00323227639616874 
84 0 0.00367881497059896 
85 0 0.00429389912742184 
86 0 0.00500321827615413 
87 0 0.00570982558181155 
88 0 0.00650796831737266 
89 0 0.00741114026928047 
90 0 0.0087343557860543 
91 0 0.0100481820008637 
92 0 0.012006008174155 
93 0 0.0138018299427503 
94 0 0.0157113324852365 
95 0 0.0180306053036041 
96 0 0.0202024756300353 
97 0 0.0228474170909662 
98 0 0.0257206483678625 
99 0 0.028826621851487 
100 0 0.0321546353809763 
101 0 0.0833333333333333 

death 1 M single 
1 0 0.000276757549351525 
2 0 0.0000217117591817528 
3 0 0.0000141277643804782 
4 0 0.0000101238970273698 
5 0 0.00000420509725429508 
6 0 0.00000792034501617689 
7 0 0.00000918963112372939 
8 0 0.00000603186677139433 
9 0 0.0000046209507740258 
10 0 0.00000384174784029412 
11 0 0.00000233169656893573 
12 0 0.000000416667621516709 
13 0 0.000000416667621516709 
14 0 0.000000416667621516709 
15 0 0.000000416667621516709 
16 0 0.000000416667621516709 
17 0 0.000000416667621516709 
18 0 0.00000106250620901527 
19 0 0.00000974135523335029 
20 0 0.00000583435388123998 
21 0 0.00000382508047080954 
22 0 0.000000537501589015221 
23 0 0.000000416667621516709 
24 0 0.0000014758453129593 
25 0 0.00000505597392674861 
26 0 0.000000416667621516709 
27 0 0.00000404342325310836 
28 0 0.000000416667621516709 
29 0 0.000000416667621516709 
30 0 0.000000416667621516709 
31 0 0.000000416667621516709 
32 0 0.000000416667621516709 
33 0 0.000000416667621516709 
34 0 0.000000416667621516709 
35 0 0.000000416667621516709 
36 0 0.000000416667621516709 
37 0 0.00000158918055681578 
38 0 0.000000416667621516709 
39 0 0.000000416667621516709 
40 0 0.0000132426311441058 
41 0 0.0000350992749823531 
42 0 0.0000314662784589581 
43 0 0.0000336987451282633 
44 0 0.000056246563622242 
45 0 0.0000608161715470734 
46 0 0.000100361212856503 
47 0 0.000116931004759402 
48 0 0.000128929719852677 
49 0 0.000157760981607802 
50 0 0.000192958817086808 
51 0 0.00019473092541511 
52 0 0.000218691183763942 
53 0 0.000247888522184603 
54 0 0.000259852724085463 
55 0 0.000314580380820995 
56 0 0.000345259870128789 
57 0 0.000382383168731182 
58 0 0.00045172561999518 
59 0 0.000562377888868482 
60 0 0.000669421698308081 
61 0 0.000788512328823265 
62 0 0.000899267781853674 
63 0 0.000971600260276873 
64 0 0.0010259426522341 
65 0 0.000965943604651187 
66 0 0.000844194478165416 
67 0 0.000820382379298046 
68 0 0.00079077187810439 
69 0 0.000917626238669422 
70 0 0.00102275356832859 
71 0 0.00117400938494161 
72 0 0.00130749665235785 
73 0 0.00150221971181097 
74 0 0.00160444879211752 
75 0 0.00177513561040121 
76 0 0.00197891802767469 
77 0 0.0022822064208643 
78 0 0.00237134484961299 
79 0 0.00271632786520726 
80 0 0.00320099209694857 
81 0 0.0036773370985187 
82 0 0.00408215189403338 
83 0 0.00461760963664892 
84 0 0.00534244474179024 
85 0 0.0059883614771139 
86 0 0.00712433985061611 
87 0 0.00805739540306294 
88 0 0.00925665582712853 
89 0 0.0102582794833864 
90 0 0.0122065088384778 
91 0 0.0135881534013352 
92 0 0.0157094121718363 
93 0 0.0179203605017098 
94 0 0.0197618899345811 
95 0 0.0229410739178139 
96 0 0.0250588494893736 
97 0 0.0279429030675457 
98 0 0.0310722770095172 
99 0 0.03455200537069 
100 0 0.0384365963963194 
101 0 0.0833333333333333 
