** Period (Monthly) Age-Specific Probabilities of Death for Australia in 2005 
* Retrieved from the World Population Prospects 2024. Single age life tables up to age 100 Medium variant 
* https://population.un.org/wpp/assets/Excel%20Files/1_Indicator%20(Standard)/CSV_FILES/WPP2024_Life_Table_Complete_Medium_Female_1950-2023.csv.gz and 
* https://population.un.org/wpp/assets/Excel%20Files/1_Indicator%20(Standard)/CSV_FILES/WPP2024_Life_Table_Complete_Medium_Male_1950-2023.csv.gz and 
* United Nations. Population Division. Department of Economic and Social Affairs 
* Data downloaded on  03 Jul 2025 17:37:34 CEST 
** NB: The original WPP annual probabilities have been converted into monthly probabilities 
** The final age interval is limited to one year [100-101) 

death 1 F single 
1 0 0.000393418497585452 
2 0 0.0000224994506968779 
3 0 0.0000183335152015296 
4 0 0.0000166665276674083 
5 0 0.0000133334777554506 
6 0 0.00000750030939278279 
7 0 0.00000999971661719279 
8 0 0.00000500013750526218 
9 0 0.00000666691112360951 
10 0 0.00000666691112360951 
11 0 0.00000583352049443597 
12 0 0.00000833371530217786 
13 0 0.00000250003437562984 
14 0 0.0000108331454403698 
15 0 0.00000833371530217786 
16 0 0.0000191661869225479 
17 0 0.0000208332202944472 
18 0 0.0000166665276674083 
19 0 0.0000208332202944472 
20 0 0.0000149995707006134 
21 0 0.0000283327480117279 
22 0 0.0000266664106883807 
23 0 0.0000199996997872764 
24 0 0.0000216667484441713 
25 0 0.000023332994124492 
26 0 0.0000208332202944472 
27 0 0.0000283327480117279 
28 0 0.0000274999923247643 
29 0 0.0000299999494883796 
30 0 0.0000299999494883796 
31 0 0.000031666347917958 
32 0 0.0000258328366956606 
33 0 0.0000366657264949666 
34 0 0.0000358328944697339 
35 0 0.0000441657267835627 
36 0 0.0000374993998274453 
37 0 0.0000483320125058695 
38 0 0.0000541653000921682 
39 0 0.0000566651568346677 
40 0 0.0000624981452916895 
41 0 0.0000674975519204812 
42 0 0.0000733304015181346 
43 0 0.0000716640731535101 
44 0 0.0000924953734962042 
45 0 0.0000983281589223006 
46 0 0.00011166021516984 
47 0 0.00010249442502086 
48 0 0.000113327276884068 
49 0 0.000132491504366894 
50 0 0.000147488748988067 
51 0 0.000152488658700212 
52 0 0.00016665266728999 
53 0 0.000180817213416895 
54 0 0.000203313028358298 
55 0 0.000209978163241198 
56 0 0.000231639885953872 
57 0 0.000259133172844983 
58 0 0.000260799598684081 
59 0 0.000292457464232454 
60 0 0.00031245138343361 
61 0 0.000411582925715859 
62 0 0.000389924306042122 
63 0 0.000475721069613466 
64 0 0.00048155169449271 
65 0 0.000509871568946552 
66 0 0.000583998820331333 
67 0 0.000655621458291344 
68 0 0.000658120287933106 
69 0 0.000813008908433721 
70 0 0.000860470595453355 
71 0 0.000952889832886328 
72 0 0.00104613323085823 
73 0 0.00115185428023357 
74 0 0.00129502005508098 
75 0 0.0015663182381136 
76 0 0.00169279105231912 
77 0 0.00192822508494106 
78 0 0.00213200735317554 
79 0 0.00240144564488309 
80 0 0.00265253420117206 
81 0 0.00320358705523305 
82 0 0.00360986924131868 
83 0 0.00420204274286273 
84 0 0.00482053062415844 
85 0 0.00531928831382278 
86 0 0.00640093549153509 
87 0 0.00709984707928513 
88 0 0.00815398706958481 
89 0 0.00945694701696609 
90 0 0.0100953796462067 
91 0 0.0120200189794416 
92 0 0.0133177028952008 
93 0 0.0149670488499153 
94 0 0.0164717610797083 
95 0 0.0186593344006845 
96 0 0.0206638174377218 
97 0 0.0228970253201148 
98 0 0.0252772072801192 
99 0 0.0277952537415589 
100 0 0.0304384355230759 
101 0 0.0833333333333333 

death 1 M single 
1 0 0.000453171968785804 
2 0 0.000038332247120576 
3 0 0.0000241665451951034 
4 0 0.00000916629543457059 
5 0 0.0000149995707006134 
6 0 0.0000141669371428454 
7 0 0.0000108331454403698 
8 0 0.00000750030939278279 
9 0 0.00000916629543457059 
10 0 0.0000125000260093877 
11 0 0.00000666691112360951 
12 0 0.00000916629543457059 
13 0 0.0000133334777554506 
14 0 0.00000916629543457059 
15 0 0.0000108331454403698 
16 0 0.0000166665276674083 
17 0 0.0000250001039088232 
18 0 0.0000433319923137665 
19 0 0.0000558321415637941 
20 0 0.0000624981452916895 
21 0 0.0000674975519204812 
22 0 0.0000774971901148502 
23 0 0.0000533323077286374 
24 0 0.0000758307853678808 
25 0 0.0000741635771550619 
26 0 0.0000749975944498438 
27 0 0.0000716640731535101 
28 0 0.0000733304015181346 
29 0 0.0000774971901148502 
30 0 0.0000916628639935357 
31 0 0.000082496587653802 
32 0 0.0000916628639935357 
33 0 0.0000933287248128245 
34 0 0.0000933287248128245 
35 0 0.0000908295279488103 
36 0 0.0000999949761474328 
37 0 0.000100828396221719 
38 0 0.0000999949761474328 
39 0 0.0000933287248128245 
40 0 0.000104994776919165 
41 0 0.000128325532201545 
42 0 0.00013915729007774 
43 0 0.000151655599556766 
44 0 0.000140823186918437 
45 0 0.00016665266728999 
46 0 0.000161653648042992 
47 0 0.000184983087084145 
48 0 0.000197480183529275 
49 0 0.000241637546014029 
50 0 0.000248302985207616 
51 0 0.00023580558324654 
52 0 0.00026663149396966 
53 0 0.000289125153974834 
54 0 0.00033327856547638 
55 0 0.000350772603840088 
56 0 0.000412415859466164 
57 0 0.000389091578421707 
58 0 0.00043407314256505 
59 0 0.00051986636287793 
60 0 0.000560678253303859 
61 0 0.000603986531206302 
62 0 0.000718912458933629 
63 0 0.000691431710474477 
64 0 0.000830495493254202 
65 0 0.000912093312301576 
66 0 0.00105529017768624 
67 0 0.00116434076187777 
68 0 0.00125340378341421 
69 0 0.00136076993421075 
70 0 0.00150973409337007 
71 0 0.00163205202730288 
72 0 0.00178181172813752 
73 0 0.00206214337010513 
74 0 0.00224012225770043 
75 0 0.00259766458170974 
76 0 0.0028528691116152 
77 0 0.00323017800540437 
78 0 0.00368795436172242 
79 0 0.00395125133172114 
80 0 0.00445029942611219 
81 0 0.00508362226354797 
82 0 0.00561216419786559 
83 0 0.00631303472997224 
84 0 0.00728800580489231 
85 0 0.00819541363006515 
86 0 0.00945529101491471 
87 0 0.00950829171198031 
88 0 0.0111881683965785 
89 0 0.012203756954274 
90 0 0.0136015560088087 
91 0 0.0161133470730973 
92 0 0.0176606026419835 
93 0 0.0192259337615405 
94 0 0.0207259198028993 
95 0 0.0246385487844055 
96 0 0.025772005840382 
97 0 0.0281949925951474 
98 0 0.030729681891143 
99 0 0.0333615768422763 
100 0 0.0360734957811946 
101 0 0.0833333333333333 
