** Period (Monthly) Age-Specific Probabilities of Death for Australia in 1977 
* Retrieved from the World Population Prospects 2024. Single age life tables up to age 100 Medium variant 
* https://population.un.org/wpp/assets/Excel%20Files/1_Indicator%20(Standard)/CSV_FILES/WPP2024_Life_Table_Complete_Medium_Female_1950-2023.csv.gz and 
* https://population.un.org/wpp/assets/Excel%20Files/1_Indicator%20(Standard)/CSV_FILES/WPP2024_Life_Table_Complete_Medium_Male_1950-2023.csv.gz and 
* United Nations. Population Division. Department of Economic and Social Affairs 
* Data downloaded on  03 Jul 2025 17:37:17 CEST 
** NB: The original WPP annual probabilities have been converted into monthly probabilities 
** The final age interval is limited to one year [100-101) 

death 1 F single 
1 0 0.000902599821590355 
2 0 0.0000658313304726654 
3 0 0.000050831708836796 
4 0 0.0000349992364201412 
5 0 0.000031666347917958 
6 0 0.0000216667484441713 
7 0 0.0000224994506968779 
8 0 0.0000250001039088232 
9 0 0.0000175000176134699 
10 0 0.0000191661869225479 
11 0 0.0000149995707006134 
12 0 0.0000108331454403698 
13 0 0.0000199996997872764 
14 0 0.0000166665276674083 
15 0 0.0000241665451951034 
16 0 0.000039165935736496 
17 0 0.000038332247120576 
18 0 0.0000433319923137665 
19 0 0.0000516655120934573 
20 0 0.000049165792834871 
21 0 0.0000516655120934573 
22 0 0.0000424990992133889 
23 0 0.0000416662137441293 
24 0 0.0000399987982981909 
25 0 0.0000516655120934573 
26 0 0.0000333327768948788 
27 0 0.0000433319923137665 
28 0 0.0000424990992133889 
29 0 0.0000449986351540588 
30 0 0.0000524984891835389 
31 0 0.0000483320125058695 
32 0 0.0000541653000921682 
33 0 0.0000458323849097386 
34 0 0.0000641643056439323 
35 0 0.0000791636254107164 
36 0 0.0000849963895356298 
37 0 0.000082496587653802 
38 0 0.0000949954503661754 
39 0 0.0000999949761474328 
40 0 0.0000983281589223006 
41 0 0.000106660882083109 
42 0 0.000140823186918437 
43 0 0.000170818726694777 
44 0 0.000174151711707426 
45 0 0.000199147149662848 
46 0 0.000193314572160319 
47 0 0.00023580558324654 
48 0 0.000255800412828022 
49 0 0.000261632823061686 
50 0 0.000309952007490732 
51 0 0.000325780598059211 
52 0 0.000349106200509763 
53 0 0.000428242214228103 
54 0 0.000388258858432078 
55 0 0.000499043300539515 
56 0 0.00046322753486483 
57 0 0.000529028245332852 
58 0 0.000613147671791991 
59 0 0.000631470207279938 
60 0 0.000700591596185074 
61 0 0.000753887227448957 
62 0 0.000782199674642992 
63 0 0.00094539613125999 
64 0 0.00107443743542113 
65 0 0.00113770377211231 
66 0 0.00118265326608702 
67 0 0.00128919445430342 
68 0 0.00134995055046605 
69 0 0.00160875427294227 
70 0 0.00179013121850957 
71 0 0.00187332216192493 
72 0 0.00204717178199532 
73 0 0.00241474967700128 
74 0 0.00264588292141543 
75 0 0.00301992916397709 
76 0 0.00309306330341041 
77 0 0.00389145274504477 
78 0 0.00426846937185776 
79 0 0.0045806374582239 
80 0 0.00544872429943333 
81 0 0.00537322162722642 
82 0 0.00645649289966699 
83 0 0.007102333731697 
84 0 0.00822192585296899 
85 0 0.00917702340685156 
86 0 0.00957702538776672 
87 0 0.0106227677132482 
88 0 0.0120382267735202 
89 0 0.0131480504336975 
90 0 0.0147212532191769 
91 0 0.0144142221380399 
92 0 0.0171191243936283 
93 0 0.0185781646151668 
94 0 0.0208759763374601 
95 0 0.0215965877476606 
96 0 0.0238866022591026 
97 0 0.0258390495081063 
98 0 0.0278791631934739 
99 0 0.0300000630265355 
100 0 0.0321933834424508 
101 0 0.0833333333333333 

death 1 M single 
1 0 0.0011639769635241 
2 0 0.0000908295279488103 
3 0 0.0000633312216504756 
4 0 0.0000524984891835389 
5 0 0.0000374993998274453 
6 0 0.0000366657264949666 
7 0 0.0000308327280768017 
8 0 0.0000341664196621405 
9 0 0.0000274999923247643 
10 0 0.0000250001039088232 
11 0 0.0000241665451951034 
12 0 0.0000250001039088232 
13 0 0.0000333327768948788 
14 0 0.0000299999494883796 
15 0 0.000049165792834871 
16 0 0.0000499987470196084 
17 0 0.00010249442502086 
18 0 0.000120826095202364 
19 0 0.000164986296992242 
20 0 0.000170818726694777 
21 0 0.000178317279880047 
22 0 0.00016665266728999 
23 0 0.000145822729980871 
24 0 0.000136657667474838 
25 0 0.00011415998482589 
26 0 0.000110827530127589 
27 0 0.000120826095202364 
28 0 0.000127491859978179 
29 0 0.00010249442502086 
30 0 0.000104161318644547 
31 0 0.000095828824603239 
32 0 0.0000983281589223006 
33 0 0.000121658871843011 
34 0 0.00012665902989617 
35 0 0.000127491859978179 
36 0 0.000119159730383234 
37 0 0.000150821713331251 
38 0 0.000155820971626253 
39 0 0.000183316380698795 
40 0 0.000205811979051451 
41 0 0.000196647547065165 
42 0 0.000207478262763794 
43 0 0.000264131706270709 
44 0 0.000290791293830805 
45 0 0.000330779453058483 
46 0 0.000349106200509763 
47 0 0.000429075300694248 
48 0 0.000433240847593219 
49 0 0.000507372623239188 
50 0 0.000565675792430054 
51 0 0.000567341140858213 
52 0 0.000619811052301689 
53 0 0.000736400260288428 
54 0 0.000855474478701823 
55 0 0.000842152283316189 
56 0 0.000920418503677634 
57 0 0.00110107611452681 
58 0 0.00115102213422569 
59 0 0.00121761285753674 
60 0 0.00143483837095915 
61 0 0.00155300493765842 
62 0 0.00159876953406035 
63 0 0.00196399337642017 
64 0 0.00223596436790652 
65 0 0.00215363077992947 
66 0 0.002500390759965 
67 0 0.00259932732941215 
68 0 0.00305566620387732 
69 0 0.003125473902299 
70 0 0.00377434115659581 
71 0 0.00378929233006642 
72 0 0.00407499127651723 
73 0 0.00477985975576656 
74 0 0.00510436895449762 
75 0 0.00558561670724844 
76 0 0.00563954068040462 
77 0 0.00701032096221776 
78 0 0.00714377961124391 
79 0 0.00725402192647118 
80 0 0.00851354504973589 
81 0 0.00907515175698337 
82 0 0.009634992134255 
83 0 0.0107262504126859 
84 0 0.0122741057519508 
85 0 0.0134112176300383 
86 0 0.0130661208007034 
87 0 0.0151466390312919 
88 0 0.0164163013909874 
89 0 0.016843446339631 
90 0 0.0204308121826793 
91 0 0.0192226189205834 
92 0 0.020046238876245 
93 0 0.0224411369059175 
94 0 0.0267757251397712 
95 0 0.0282490534374715 
96 0 0.0291065631417452 
97 0 0.0310875935311727 
98 0 0.0331255195385949 
99 0 0.0352123512508664 
100 0 0.0373392517581188 
101 0 0.0833333333333333 
