** Period (Monthly) Age-Specific Probabilities of Death for Australia in 1963 
* Retrieved from the World Population Prospects 2024. Single age life tables up to age 100 Medium variant 
* https://population.un.org/wpp/assets/Excel%20Files/1_Indicator%20(Standard)/CSV_FILES/WPP2024_Life_Table_Complete_Medium_Female_1950-2023.csv.gz and 
* https://population.un.org/wpp/assets/Excel%20Files/1_Indicator%20(Standard)/CSV_FILES/WPP2024_Life_Table_Complete_Medium_Male_1950-2023.csv.gz and 
* United Nations. Population Division. Department of Economic and Social Affairs 
* Data downloaded on  03 Jul 2025 17:37:09 CEST 
** NB: The original WPP annual probabilities have been converted into monthly probabilities 
** The final age interval is limited to one year [100-101) 

death 1 F single 
1 0 0.00144426236424056 
2 0 0.000129991230535031 
3 0 0.00006916463787765 
4 0 0.000049165792834871 
5 0 0.0000524984891835389 
6 0 0.0000458323849097386 
7 0 0.0000283327480117279 
8 0 0.0000299999494883796 
9 0 0.0000258328366956606 
10 0 0.0000191661869225479 
11 0 0.0000183335152015296 
12 0 0.0000274999923247643 
13 0 0.0000183335152015296 
14 0 0.0000224994506968779 
15 0 0.000023332994124492 
16 0 0.0000250001039088232 
17 0 0.0000358328944697339 
18 0 0.0000499987470196084 
19 0 0.000039165935736496 
20 0 0.0000541653000921682 
21 0 0.000049165792834871 
22 0 0.0000441657267835627 
23 0 0.0000516655120934573 
24 0 0.0000591650823251744 
25 0 0.0000566651568346677 
26 0 0.0000574981797391017 
27 0 0.0000533323077286374 
28 0 0.0000566651568346677 
29 0 0.0000674975519204812 
30 0 0.0000699977753336745 
31 0 0.0000658313304726654 
32 0 0.0000674975519204812 
33 0 0.0000766639839228089 
34 0 0.0000883295656515237 
35 0 0.000107494363276728 
36 0 0.0000999949761474328 
37 0 0.000116659823229059 
38 0 0.000128325532201545 
39 0 0.000130824925681949 
40 0 0.000163319957243613 
41 0 0.000176651530674921 
42 0 0.000155820971626253 
43 0 0.000182483038966952 
44 0 0.000256633591375066 
45 0 0.000229140225045943 
46 0 0.000253301758672886 
47 0 0.000245803701571234 
48 0 0.000292457464232454 
49 0 0.00033327856547638 
50 0 0.000396588912659812 
51 0 0.000409917081119038 
52 0 0.00037576311666998 
53 0 0.000530694598608994 
54 0 0.00051986636287793 
55 0 0.00051986636287793 
56 0 0.000550683999625212 
57 0 0.00068060529177838 
58 0 0.00071058471777119 
59 0 0.000754719944115356 
60 0 0.000858804912252875 
61 0 0.000906264448973459 
62 0 0.000898771226660044 
63 0 0.00131166632640078 
64 0 0.001496419770049 
65 0 0.001230098249559 
66 0 0.00146396523521775 
67 0 0.00144316083002993 
68 0 0.00178929915015802 
69 0 0.00195317932861172 
70 0 0.00223762733012811 
71 0 0.00255858978559409 
72 0 0.00234905972450472 
73 0 0.0030814283950269 
74 0 0.00370456748640835 
75 0 0.00389975847387358 
76 0 0.00426016643394556 
77 0 0.00484377066692065 
78 0 0.00493423786665104 
79 0 0.00585770833094168 
80 0 0.00673591400005402 
81 0 0.00673757197352243 
82 0 0.00716698910495162 
83 0 0.00859390057065068 
84 0 0.00961511801222148 
85 0 0.0108289026215117 
86 0 0.0112866731236689 
87 0 0.0131803258139703 
88 0 0.0140583697599628 
89 0 0.0153477501780701 
90 0 0.0167126499050202 
91 0 0.017598501121781 
92 0 0.0189061693376553 
93 0 0.0222502874576747 
94 0 0.0249269914273499 
95 0 0.0261164176702373 
96 0 0.0280307045554378 
97 0 0.0302372354196091 
98 0 0.0325205502096756 
99 0 0.0348695625251549 
100 0 0.0372717468291918 
101 0 0.0833333333333333 

death 1 M single 
1 0 0.00182822755126355 
2 0 0.000130824925681949 
3 0 0.0000774971901148502 
4 0 0.0000616650765675741 
5 0 0.0000574981797391017 
6 0 0.0000449986351540588 
7 0 0.0000566651568346677 
8 0 0.0000416662137441293 
9 0 0.0000333327768948788 
10 0 0.0000308327280768017 
11 0 0.0000399987982981909 
12 0 0.0000349992364201412 
13 0 0.0000433319923137665 
14 0 0.0000349992364201412 
15 0 0.0000558321415637941 
16 0 0.0000574981797391017 
17 0 0.0000866629623158532 
18 0 0.0000974955959988089 
19 0 0.000128325532201545 
20 0 0.000130824925681949 
21 0 0.000136657667474838 
22 0 0.000140823186918437 
23 0 0.000134157279044644 
24 0 0.000136657667474838 
25 0 0.000128325532201545 
26 0 0.00013832351850418 
27 0 0.000113327276884068 
28 0 0.000105827408531933 
29 0 0.000124158916488093 
30 0 0.000125825372957022 
31 0 0.000125825372957022 
32 0 0.000134991012402996 
33 0 0.000146655735667411 
34 0 0.000137490589173339 
35 0 0.000144989731928336 
36 0 0.000153321725478772 
37 0 0.000164986296992242 
38 0 0.000199147149662848 
39 0 0.000207478262763794 
40 0 0.000244969786716176 
41 0 0.000214977335175948 
42 0 0.000262466055078403 
43 0 0.000307452700282873 
44 0 0.000364934082582313 
45 0 0.000339942364806278 
46 0 0.000437404910746397 
47 0 0.000492380392081548 
48 0 0.000468224742632861 
49 0 0.000605652582008287 
50 0 0.000643130019438387 
51 0 0.000663950038473193 
52 0 0.000676441821853779 
53 0 0.000895441010542952 
54 0 0.000957884573884793 
55 0 0.0010835947068647 
56 0 0.00108276234281557 
57 0 0.00129002617710039 
58 0 0.0013249823281154 
59 0 0.001496419770049 
60 0 0.00178014860144637 
61 0 0.00177682073991015 
62 0 0.00194652549799623 
63 0 0.00248459298361625 
64 0 0.00270989427667356 
65 0 0.0026733174464203 
66 0 0.0031071910125865 
67 0 0.00296175187619718 
68 0 0.00354091789523037 
69 0 0.00396287836796372 
70 0 0.00428922742811755 
71 0 0.00449513060948126 
72 0 0.00435980215102616 
73 0 0.00540889960538848 
74 0 0.0059887612008076 
75 0 0.00629396145535654 
76 0 0.00713051727534286 
77 0 0.00771316587265047 
78 0 0.00765267019834193 
79 0 0.00912650225978062 
80 0 0.00986850539968442 
81 0 0.00935922565228053 
82 0 0.0103288636093168 
83 0 0.011550720402959 
84 0 0.0132970129629795 
85 0 0.0138415491241495 
86 0 0.0153444408190869 
87 0 0.016838479003859 
88 0 0.019066047771192 
89 0 0.0200918210848661 
90 0 0.0189103123659022 
91 0 0.0226253716986444 
92 0 0.0238408966085778 
93 0 0.0233475884084112 
94 0 0.0305613317947426 
95 0 0.0303121806554715 
96 0 0.0316933918646055 
97 0 0.0336937053260549 
98 0 0.0357382287019649 
99 0 0.0378186010848484 
100 0 0.0399258557406759 
101 0 0.0833333333333333 
