** Period (Monthly) Age-Specific Fertility Rates for Australia in 2006 
* Retrieved from the World Population Prospects 2024 
* https://population.un.org/wpp/assets/Excel%20Files/1_Indicator%20(Standard)/CSV_FILES/WPP2024_Fertility_by_Age1.csv.gz 
* United Nations. Population Division. Department of Economic and Social Affairs 
* Data downloaded on  03 Jul 2025 17:36:56 CEST 
** NB: The original WPP annual rates have been converted into monthly rates 

birth 1 F single 0 
15 0 0 
16 0 0.000238333333333333 
17 0 0.000540083333333333 
18 0 0.00116725 
19 0 0.00189891666666667 
20 0 0.0028745 
21 0 0.00330925 
22 0 0.00381575 
23 0 0.0044095 
24 0 0.0050905 
25 0 0.005824 
26 0 0.00678833333333333 
27 0 0.00778408333333333 
28 0 0.0087885 
29 0 0.00980158333333333 
30 0 0.0106241666666667 
31 0 0.01081975 
32 0 0.0110595833333333 
33 0 0.0107340833333333 
34 0 0.0100401666666667 
35 0 0.00907208333333333 
36 0 0.00793241666666667 
37 0 0.0066305 
38 0 0.005294 
39 0 0.00408691666666667 
40 0 0.00304366666666667 
41 0 0.00206883333333333 
42 0 0.00133366666666667 
43 0 0.000837833333333333 
44 0 0.000444583333333333 
45 0 0.00022225 
46 0 0.000115666666666667 
47 0 0.0000770833333333333 
48 0 0.0000289166666666667 
49 0 0.00001925 
50 0 0.0000015 
101 0 0 

birth 1 F married 0 
15 0 0 
16 0 0.000238333333333333 
17 0 0.000540083333333333 
18 0 0.00116725 
19 0 0.00189891666666667 
20 0 0.0028745 
21 0 0.00330925 
22 0 0.00381575 
23 0 0.0044095 
24 0 0.0050905 
25 0 0.005824 
26 0 0.00678833333333333 
27 0 0.00778408333333333 
28 0 0.0087885 
29 0 0.00980158333333333 
30 0 0.0106241666666667 
31 0 0.01081975 
32 0 0.0110595833333333 
33 0 0.0107340833333333 
34 0 0.0100401666666667 
35 0 0.00907208333333333 
36 0 0.00793241666666667 
37 0 0.0066305 
38 0 0.005294 
39 0 0.00408691666666667 
40 0 0.00304366666666667 
41 0 0.00206883333333333 
42 0 0.00133366666666667 
43 0 0.000837833333333333 
44 0 0.000444583333333333 
45 0 0.00022225 
46 0 0.000115666666666667 
47 0 0.0000770833333333333 
48 0 0.0000289166666666667 
49 0 0.00001925 
50 0 0.0000015 
101 0 0 
