** Period (Monthly) Age-Specific Probabilities of Death for Australia in 2021 
* Retrieved from the World Population Prospects 2024. Single age life tables up to age 100 Medium variant 
* https://population.un.org/wpp/assets/Excel%20Files/1_Indicator%20(Standard)/CSV_FILES/WPP2024_Life_Table_Complete_Medium_Female_1950-2023.csv.gz and 
* https://population.un.org/wpp/assets/Excel%20Files/1_Indicator%20(Standard)/CSV_FILES/WPP2024_Life_Table_Complete_Medium_Male_1950-2023.csv.gz and 
* United Nations. Population Division. Department of Economic and Social Affairs 
* Data downloaded on  03 Jul 2025 17:37:44 CEST 
** NB: The original WPP annual probabilities have been converted into monthly probabilities 
** The final age interval is limited to one year [100-101) 

death 1 F single 
1 0 0.000257958168780603 
2 0 0.0000097046846448956 
3 0 0.00000871291752002623 
4 0 0.00000783367083967423 
5 0 0.00000706694133933983 
6 0 0.00000641355956410017 
7 0 0.00000587769000615079 
8 0 0.00000546683103797019 
9 0 0.00000519848196389727 
10 0 0.00000509430940021094 
11 0 0.00000519348167815625 
12 0 0.00000555100280519305 
13 0 0.00000623604721450288 
14 0 0.00000734613013697594 
15 0 0.0000089537742555823 
16 0 0.0000110965105373229 
17 0 0.0000136468575887561 
18 0 0.0000162864587888167 
19 0 0.0000186119050983313 
20 0 0.0000202205819773704 
21 0 0.0000210249310921284 
22 0 0.0000211399577647597 
23 0 0.000020831553245837 
24 0 0.0000203822847512081 
25 0 0.000019973860773681 
26 0 0.0000197379759246941 
27 0 0.0000197404764675779 
28 0 0.0000200297063929211 
29 0 0.0000206415099011092 
30 0 0.0000216159030080876 
31 0 0.0000229920739388545 
32 0 0.0000248142196535017 
33 0 0.000027117377404684 
34 0 0.0000299290928035267 
35 0 0.0000332377421047303 
36 0 0.0000369900245127397 
37 0 0.0000410909519595881 
38 0 0.000045403002830624 
39 0 0.0000498503322017285 
40 0 0.0000544037757878035 
41 0 0.0000591809259681275 
42 0 0.0000644003058005715 
43 0 0.000070277991449208 
44 0 0.0000770267904850463 
45 0 0.000084655238014264 
46 0 0.0000930017231852709 
47 0 0.000101736907890393 
48 0 0.000110395337892255 
49 0 0.00011876170985603 
50 0 0.000126860143475627 
51 0 0.000135159596053591 
52 0 0.000144500620396504 
53 0 0.000155671549166958 
54 0 0.00016944949973241 
55 0 0.000186121241320225 
56 0 0.000205459515934758 
57 0 0.000226776805418272 
58 0 0.000248844463940023 
59 0 0.000270708526937558 
60 0 0.000291830452217701 
61 0 0.000312493193585617 
62 0 0.000333885789915556 
63 0 0.00035743684951095 
64 0 0.000384803361232144 
65 0 0.000417441248891981 
66 0 0.000456539613570284 
67 0 0.000503072117023717 
68 0 0.000557637100187303 
69 0 0.00062055947560391 
70 0 0.000691698734777035 
71 0 0.000770485021682199 
72 0 0.000855814330433358 
73 0 0.000946985091290653 
74 0 0.0010443908009824 
75 0 0.00115040267145927 
76 0 0.00127069904324872 
77 0 0.00141297502025128 
78 0 0.00158733576177583 
79 0 0.00180429539902482 
80 0 0.00207235230032476 
81 0 0.00239791009736146 
82 0 0.0027808486945875 
83 0 0.0032183925150886 
84 0 0.00370775418689084 
85 0 0.00424917097359867 
86 0 0.00485540831282838 
87 0 0.00554715267895667 
88 0 0.00635532386445836 
89 0 0.00731516237377283 
90 0 0.00845484138948138 
91 0 0.00979632739220115 
92 0 0.0113392497507849 
93 0 0.0130644865149019 
94 0 0.0149311275838907 
95 0 0.0168752850286071 
96 0 0.0190045097132405 
97 0 0.0214265242752132 
98 0 0.02404486471219 
99 0 0.0268490633266679 
100 0 0.0298226020042218 
101 0 0.0833333333333333 

death 1 M single 
1 0 0.00030323689519951 
2 0 0.000015149595575914 
3 0 0.0000127758976913306 
4 0 0.0000108089758970031 
5 0 0.00000920796631220799 
6 0 0.00000793784654262719 
7 0 0.00000697110060643436 
8 0 0.00000628938422209124 
9 0 0.00000589185758981259 
10 0 0.00000579601809580499 
11 0 0.00000606436893368922 
12 0 0.00000681858903983645 
13 0 0.00000825870845744259 
14 0 0.0000107323001464765 
15 0 0.0000146445128154093 
16 0 0.0000203981216362337 
17 0 0.0000279051157601184 
18 0 0.0000361013339889027 
19 0 0.0000433286573912062 
20 0 0.0000478209089449511 
21 0 0.00004936256610788 
22 0 0.0000489131565876155 
23 0 0.0000477266927784159 
24 0 0.0000469446189883538 
25 0 0.0000470063175290747 
26 0 0.000048059367997566 
27 0 0.0000499637277711074 
28 0 0.0000524284487739557 
29 0 0.0000551992551846014 
30 0 0.0000580276827507609 
31 0 0.0000607552975231407 
32 0 0.0000632936955241581 
33 0 0.0000656328536773332 
34 0 0.0000678344692787158 
35 0 0.0000700344702520006 
36 0 0.0000724346836755707 
37 0 0.000075258643435383 
38 0 0.0000787549372505136 
39 0 0.0000831246595381918 
40 0 0.0000885205847023229 
41 0 0.0000950430000420388 
42 0 0.000102713004925814 
43 0 0.000111540067759042 
44 0 0.000121518684459643 
45 0 0.000132659248831435 
46 0 0.000145007259864771 
47 0 0.000158626653466776 
48 0 0.000173612347627583 
49 0 0.000190062721958095 
50 0 0.000208081306302232 
51 0 0.000227761764983736 
52 0 0.000249182889786037 
53 0 0.000272391045883613 
54 0 0.000297364191632177 
55 0 0.000324013459456429 
56 0 0.000352139545850783 
57 0 0.000381511178791261 
58 0 0.000411976370857547 
59 0 0.000443499373314005 
60 0 0.000476445688696647 
61 0 0.000511442034783149 
62 0 0.00054953372486588 
63 0 0.000592002939108771 
64 0 0.000640110442706843 
65 0 0.000695206230634682 
66 0 0.000758373568205184 
67 0 0.000830637619708696 
68 0 0.000912708626417458 
69 0 0.00100505382857907 
70 0 0.00110762017312838 
71 0 0.00121991435837221 
72 0 0.00134140067293187 
73 0 0.00147161111439176 
74 0 0.00161221848419524 
75 0 0.00176680644848382 
76 0 0.00194261942014307 
77 0 0.00215029772463493 
78 0 0.00240097759618962 
79 0 0.00270702408009649 
80 0 0.0030765093343107 
81 0 0.00351277080812362 
82 0 0.00401411099194759 
83 0 0.0045723698131821 
84 0 0.00518423205744534 
85 0 0.00585365118530445 
86 0 0.00659846915953999 
87 0 0.0074544455813631 
88 0 0.00845678743704148 
89 0 0.00963607670796318 
90 0 0.0109972068340785 
91 0 0.0125004793849425 
92 0 0.0140786644089876 
93 0 0.0156376045835532 
94 0 0.0171061760422485 
95 0 0.0184745522861529 
96 0 0.0208481144032217 
97 0 0.023012058553693 
98 0 0.0253124313889579 
99 0 0.0277409541826654 
100 0 0.0302862131511911 
101 0 0.0833333333333333 
