** Period (Monthly) Age-Specific Probabilities of Death for Australia in 1996 
* Retrieved from the World Population Prospects 2024. Single age life tables up to age 100 Medium variant 
* https://population.un.org/wpp/assets/Excel%20Files/1_Indicator%20(Standard)/CSV_FILES/WPP2024_Life_Table_Complete_Medium_Female_1950-2023.csv.gz and 
* https://population.un.org/wpp/assets/Excel%20Files/1_Indicator%20(Standard)/CSV_FILES/WPP2024_Life_Table_Complete_Medium_Male_1950-2023.csv.gz and 
* United Nations. Population Division. Department of Economic and Social Affairs 
* Data downloaded on  03 Jul 2025 17:37:29 CEST 
** NB: The original WPP annual probabilities have been converted into monthly probabilities 
** The final age interval is limited to one year [100-101) 

death 1 F single 
1 0 0.000420809244122577 
2 0 0.000039165935736496 
3 0 0.0000299999494883796 
4 0 0.0000216667484441713 
5 0 0.0000166665276674083 
6 0 0.00000999971661719279 
7 0 0.0000125000260093877 
8 0 0.00000750030939278279 
9 0 0.0000108331454403698 
10 0 0.00000999971661719279 
11 0 0.0000141669371428454 
12 0 0.0000141669371428454 
13 0 0.0000141669371428454 
14 0 0.0000133334777554506 
15 0 0.0000166665276674083 
16 0 0.0000149995707006134 
17 0 0.000023332994124492 
18 0 0.0000208332202944472 
19 0 0.0000283327480117279 
20 0 0.0000374993998274453 
21 0 0.0000308327280768017 
22 0 0.0000266664106883807 
23 0 0.0000266664106883807 
24 0 0.0000274999923247643 
25 0 0.0000283327480117279 
26 0 0.0000358328944697339 
27 0 0.0000366657264949666 
28 0 0.0000299999494883796 
29 0 0.0000366657264949666 
30 0 0.0000408325021981071 
31 0 0.0000333327768948788 
32 0 0.0000408325021981071 
33 0 0.0000433319923137665 
34 0 0.0000441657267835627 
35 0 0.0000499987470196084 
36 0 0.0000616650765675741 
37 0 0.0000549983000887044 
38 0 0.0000658313304726654 
39 0 0.0000716640731535101 
40 0 0.000060831181586618 
41 0 0.0000724972335176544 
42 0 0.0000891628787780263 
43 0 0.0000783304039441157 
44 0 0.000101661823937227 
45 0 0.000112493742205344 
46 0 0.000106660882083109 
47 0 0.000131657793934314 
48 0 0.000125825372957022 
49 0 0.000160820504897741 
50 0 0.000165819478322393 
51 0 0.000178317279880047 
52 0 0.000209978163241198 
53 0 0.000240804504927472 
54 0 0.000264131706270709 
55 0 0.000265798223763714 
56 0 0.000281627484634672 
57 0 0.000324947621677563 
58 0 0.000379928730894652 
59 0 0.000407417534403987 
60 0 0.000494046073392207 
61 0 0.000509871568946552 
62 0 0.000516534922102352 
63 0 0.000594825475471406 
64 0 0.00066644825774187 
65 0 0.000664782770596339 
66 0 0.000823833460098289 
67 0 0.000873792953898 
68 0 0.000912093312301576 
69 0 0.00104613323085823 
70 0 0.00110940093375533 
71 0 0.0013474537575191 
72 0 0.00141819404854615 
73 0 0.00163954067959338 
74 0 0.00172690216775229 
75 0 0.00191824258524254 
76 0 0.00232993408694337 
77 0 0.00250704165555993 
78 0 0.00292435038470462 
79 0 0.00332490355064452 
80 0 0.00369792273885838 
81 0 0.00406585631869416 
82 0 0.00468606289015261 
83 0 0.00515250063142758 
84 0 0.00587180930634879 
85 0 0.00648302719224625 
86 0 0.00773719760413749 
87 0 0.00849780510817411 
88 0 0.00946688459410805 
89 0 0.0103296912741943 
90 0 0.0119504956666535 
91 0 0.0134517671121103 
92 0 0.0156978465276369 
93 0 0.0176208583286871 
94 0 0.0192035648442641 
95 0 0.0195034779783069 
96 0 0.0228068486476418 
97 0 0.0250800913660095 
98 0 0.0274808165197664 
99 0 0.0299981384495365 
100 0 0.0326181571752792 
101 0 0.0833333333333333 

death 1 M single 
1 0 0.000532785127275726 
2 0 0.0000441657267835627 
3 0 0.0000366657264949666 
4 0 0.0000274999923247643 
5 0 0.0000175000176134699 
6 0 0.0000175000176134699 
7 0 0.0000149995707006134 
8 0 0.0000125000260093877 
9 0 0.0000133334777554506 
10 0 0.0000108331454403698 
11 0 0.0000116665819044348 
12 0 0.0000166665276674083 
13 0 0.0000141669371428454 
14 0 0.0000183335152015296 
15 0 0.0000283327480117279 
16 0 0.0000324991417722797 
17 0 0.000049165792834871 
18 0 0.0000708309204254798 
19 0 0.000101661823937227 
20 0 0.0000949954503661754 
21 0 0.000103327868011815 
22 0 0.0000991615637143672 
23 0 0.000109994018370752 
24 0 0.000105827408531933 
25 0 0.0000983281589223006 
26 0 0.00010249442502086 
27 0 0.0000899961995437515 
28 0 0.000113327276884068 
29 0 0.0000999949761474328 
30 0 0.000101661823937227 
31 0 0.000115826257990559 
32 0 0.000122492490570281 
33 0 0.000119159730383234 
34 0 0.000118326142219627 
35 0 0.000122492490570281 
36 0 0.000124158916488093 
37 0 0.000131657793934314 
38 0 0.000124158916488093 
39 0 0.000132491504366894 
40 0 0.000135823918829381 
41 0 0.000147488748988067 
42 0 0.000154987881941571 
43 0 0.000145822729980871 
44 0 0.000167485863895145 
45 0 0.000191648548085177 
46 0 0.000179983894598057 
47 0 0.000219143104171149 
48 0 0.000210810921834836 
49 0 0.000241637546014029 
50 0 0.00028579296589526 
51 0 0.00027829473554819 
52 0 0.000323281691818389 
53 0 0.000365767425558383 
54 0 0.000433240847593219 
55 0 0.000469890818846297 
56 0 0.000466558696966879 
57 0 0.000547352267104451 
58 0 0.000658120287933106 
59 0 0.000700591596185074 
60 0 0.00069892632274926 
61 0 0.000866299044583685 
62 0 0.000992019709042058 
63 0 0.00107526972316818 
64 0 0.00120596013518426 
65 0 0.00131832450588387 
66 0 0.00143067742752845 
67 0 0.0015313690558143 
68 0 0.00181758525332643 
69 0 0.00219438228972746 
70 0 0.00214198780593688 
71 0 0.0025078734801447 
72 0 0.002791358851023 
73 0 0.00309888088664978 
74 0 0.0032592610228499 
75 0 0.00356667196681115 
76 0 0.0039769969914969 
77 0 0.00463376631072587 
78 0 0.00489523009102166 
79 0 0.00535247859005838 
80 0 0.00602774408993501 
81 0 0.00694400250115623 
82 0 0.00784740988863852 
83 0 0.00858727300864348 
84 0 0.0096076651889595 
85 0 0.0103512179058973 
86 0 0.0117104673805402 
87 0 0.0125960495838997 
88 0 0.0136851400789667 
89 0 0.0158807638963865 
90 0 0.0163906403260203 
91 0 0.0191314920482692 
92 0 0.0204639668888252 
93 0 0.0219449751979344 
94 0 0.024279543929018 
95 0 0.0248089472742661 
96 0 0.0279403444861092 
97 0 0.0301047932702393 
98 0 0.0323439904416644 
99 0 0.0346475120278058 
100 0 0.0370035763372858 
101 0 0.0833333333333333 
