** Period (Monthly) Age-Specific Fertility Rates for Australia in 1990 
* Retrieved from the World Population Prospects 2024 
* https://population.un.org/wpp/assets/Excel%20Files/1_Indicator%20(Standard)/CSV_FILES/WPP2024_Fertility_by_Age1.csv.gz 
* United Nations. Population Division. Department of Economic and Social Affairs 
* Data downloaded on  03 Jul 2025 17:36:53 CEST 
** NB: The original WPP annual rates have been converted into monthly rates 

birth 1 F single 0 
15 0 0 
16 0 0.000469 
17 0 0.000711166666666667 
18 0 0.00171516666666667 
19 0 0.00262716666666667 
20 0 0.0035475 
21 0 0.00447858333333333 
22 0 0.00546083333333333 
23 0 0.00649308333333333 
24 0 0.00778333333333333 
25 0 0.009007 
26 0 0.0101980833333333 
27 0 0.01128125 
28 0 0.01207275 
29 0 0.0122060833333333 
30 0 0.0116061666666667 
31 0 0.0109006666666667 
32 0 0.00977475 
33 0 0.00865716666666667 
34 0 0.00716425 
35 0 0.00577141666666667 
36 0 0.0048585 
37 0 0.00358525 
38 0 0.00267216666666667 
39 0 0.00202716666666667 
40 0 0.00134025 
41 0 0.00102525 
42 0 0.000596666666666667 
43 0 0.000361333333333333 
44 0 0.000201666666666667 
45 0 0.000084 
46 0 0.0000395 
47 0 0.00001975 
48 0 0.00000658333333333333 
49 0 0 
50 0 0.00001025 
101 0 0 

birth 1 F married 0 
15 0 0 
16 0 0.000469 
17 0 0.000711166666666667 
18 0 0.00171516666666667 
19 0 0.00262716666666667 
20 0 0.0035475 
21 0 0.00447858333333333 
22 0 0.00546083333333333 
23 0 0.00649308333333333 
24 0 0.00778333333333333 
25 0 0.009007 
26 0 0.0101980833333333 
27 0 0.01128125 
28 0 0.01207275 
29 0 0.0122060833333333 
30 0 0.0116061666666667 
31 0 0.0109006666666667 
32 0 0.00977475 
33 0 0.00865716666666667 
34 0 0.00716425 
35 0 0.00577141666666667 
36 0 0.0048585 
37 0 0.00358525 
38 0 0.00267216666666667 
39 0 0.00202716666666667 
40 0 0.00134025 
41 0 0.00102525 
42 0 0.000596666666666667 
43 0 0.000361333333333333 
44 0 0.000201666666666667 
45 0 0.000084 
46 0 0.0000395 
47 0 0.00001975 
48 0 0.00000658333333333333 
49 0 0 
50 0 0.00001025 
101 0 0 
