** Period (Monthly) Age-Specific Fertility Rates for Australia in 1978 
* Retrieved from the World Population Prospects 2024 
* https://population.un.org/wpp/assets/Excel%20Files/1_Indicator%20(Standard)/CSV_FILES/WPP2024_Fertility_by_Age1.csv.gz 
* United Nations. Population Division. Department of Economic and Social Affairs 
* Data downloaded on  03 Jul 2025 17:36:50 CEST 
** NB: The original WPP annual rates have been converted into monthly rates 

birth 1 F single 0 
15 0 0 
16 0 0.000483833333333333 
17 0 0.00107633333333333 
18 0 0.00226941666666667 
19 0 0.00364616666666667 
20 0 0.00510625 
21 0 0.00667566666666667 
22 0 0.00838416666666667 
23 0 0.00991766666666667 
24 0 0.01116775 
25 0 0.0122845 
26 0 0.0131165 
27 0 0.01287425 
28 0 0.012373 
29 0 0.0114623333333333 
30 0 0.0102676666666667 
31 0 0.00875183333333333 
32 0 0.006993 
33 0 0.00598675 
34 0 0.00473525 
35 0 0.00389816666666667 
36 0 0.00305233333333333 
37 0 0.00237966666666667 
38 0 0.00179941666666667 
39 0 0.00141266666666667 
40 0 0.00112675 
41 0 0.000734416666666667 
42 0 0.00048675 
43 0 0.000315916666666667 
44 0 0.000222 
45 0 0.000119583333333333 
46 0 0.0000813333333333333 
47 0 0.0000348333333333333 
48 0 0.0000115833333333333 
49 0 0.0000115833333333333 
50 0 0.0000283333333333333 
101 0 0 

birth 1 F married 0 
15 0 0 
16 0 0.000483833333333333 
17 0 0.00107633333333333 
18 0 0.00226941666666667 
19 0 0.00364616666666667 
20 0 0.00510625 
21 0 0.00667566666666667 
22 0 0.00838416666666667 
23 0 0.00991766666666667 
24 0 0.01116775 
25 0 0.0122845 
26 0 0.0131165 
27 0 0.01287425 
28 0 0.012373 
29 0 0.0114623333333333 
30 0 0.0102676666666667 
31 0 0.00875183333333333 
32 0 0.006993 
33 0 0.00598675 
34 0 0.00473525 
35 0 0.00389816666666667 
36 0 0.00305233333333333 
37 0 0.00237966666666667 
38 0 0.00179941666666667 
39 0 0.00141266666666667 
40 0 0.00112675 
41 0 0.000734416666666667 
42 0 0.00048675 
43 0 0.000315916666666667 
44 0 0.000222 
45 0 0.000119583333333333 
46 0 0.0000813333333333333 
47 0 0.0000348333333333333 
48 0 0.0000115833333333333 
49 0 0.0000115833333333333 
50 0 0.0000283333333333333 
101 0 0 
