** Period (Monthly) Age-Specific Probabilities of Death for Australia in 2014 
* Retrieved from the World Population Prospects 2024. Single age life tables up to age 100 Medium variant 
* https://population.un.org/wpp/assets/Excel%20Files/1_Indicator%20(Standard)/CSV_FILES/WPP2024_Life_Table_Complete_Medium_Female_1950-2023.csv.gz and 
* https://population.un.org/wpp/assets/Excel%20Files/1_Indicator%20(Standard)/CSV_FILES/WPP2024_Life_Table_Complete_Medium_Male_1950-2023.csv.gz and 
* United Nations. Population Division. Department of Economic and Social Affairs 
* Data downloaded on  03 Jul 2025 17:37:40 CEST 
** NB: The original WPP annual probabilities have been converted into monthly probabilities 
** The final age interval is limited to one year [100-101) 

death 1 F single 
1 0 0.00027713118601902 
2 0 0.0000149995707006134 
3 0 0.0000125000260093877 
4 0 0.00000833371530217786 
5 0 0.00000916629543457059 
6 0 0.00000750030939278279 
7 0 0.00000750030939278279 
8 0 0.00000833371530217786 
9 0 0.00000916629543457059 
10 0 0.00000666691112360951 
11 0 0.00000333339444602565 
12 0 0.00000833371530217786 
13 0 0.00000333339444602565 
14 0 0.00000916629543457059 
15 0 0.00000999971661719279 
16 0 0.0000116665819044348 
17 0 0.0000149995707006134 
18 0 0.0000149995707006134 
19 0 0.0000199996997872764 
20 0 0.0000216667484441713 
21 0 0.0000141669371428454 
22 0 0.0000208332202944472 
23 0 0.0000199996997872764 
24 0 0.0000224994506968779 
25 0 0.0000183335152015296 
26 0 0.0000258328366956606 
27 0 0.0000258328366956606 
28 0 0.0000250001039088232 
29 0 0.0000250001039088232 
30 0 0.0000274999923247643 
31 0 0.0000258328366956606 
32 0 0.0000341664196621405 
33 0 0.0000399987982981909 
34 0 0.0000341664196621405 
35 0 0.0000399987982981909 
36 0 0.000039165935736496 
37 0 0.000049165792834871 
38 0 0.0000433319923137665 
39 0 0.0000599981281388384 
40 0 0.0000591650823251744 
41 0 0.0000633312216504756 
42 0 0.0000641643056439323 
43 0 0.0000724972335176544 
44 0 0.0000833298473094102 
45 0 0.000082496587653802 
46 0 0.0000866629623158532 
47 0 0.000119992491757204 
48 0 0.000121658871843011 
49 0 0.00011415998482589 
50 0 0.000139990234681586 
51 0 0.00012665902989617 
52 0 0.000154987881941571 
53 0 0.000184149730071081 
54 0 0.000187482368914638 
55 0 0.000195814083098211 
56 0 0.000223308228723851 
57 0 0.000234972595611671 
58 0 0.000251635470302713 
59 0 0.000279960676862756 
60 0 0.000303287898416049 
61 0 0.000324114652930696 
62 0 0.000360769155620888 
63 0 0.000374930518804995 
64 0 0.000444068813614695 
65 0 0.000475721069613466 
66 0 0.0004873826935341 
67 0 0.000553182459983037 
68 0 0.000632302641744964 
69 0 0.000639798252060064 
70 0 0.000773039961384669 
71 0 0.000833825852056491 
72 0 0.000975368752012762 
73 0 0.00101949296380943 
74 0 0.0011177248289328 
75 0 0.00131749252380975 
76 0 0.00151472651488382 
77 0 0.00170277510245243 
78 0 0.00189994191852549 
79 0 0.00209873886144707 
80 0 0.00230415544666085 
81 0 0.00273649621291772 
82 0 0.00294845342595107 
83 0 0.00354590296119484 
84 0 0.00413644195520246 
85 0 0.00489025020070311 
86 0 0.00552505354489619 
87 0 0.00649795218535099 
88 0 0.00745791383608418 
89 0 0.00841910453204742 
90 0 0.00966563127142872 
91 0 0.0111459518437038 
92 0 0.0133988042617391 
93 0 0.0146533918506642 
94 0 0.0160636845745822 
95 0 0.0187471321498747 
96 0 0.0210550539042271 
97 0 0.023595053351022 
98 0 0.0263161834569228 
99 0 0.0292038421269105 
100 0 0.0322377732034336 
101 0 0.0833333333333333 

death 1 M single 
1 0 0.000289597488563831 
2 0 0.0000191661869225479 
3 0 0.0000116665819044348 
4 0 0.0000116665819044348 
5 0 0.00000833371530217786 
6 0 0.00000833371530217786 
7 0 0.00000916629543457059 
8 0 0.00000833371530217786 
9 0 0.00000833371530217786 
10 0 0.00000500013750526218 
11 0 0.00000750030939278279 
12 0 0.00000666691112360951 
13 0 0.00000666691112360951 
14 0 0.00000999971661719279 
15 0 0.00000666691112360951 
16 0 0.0000175000176134699 
17 0 0.0000175000176134699 
18 0 0.0000266664106883807 
19 0 0.0000341664196621405 
20 0 0.000047499073593138 
21 0 0.0000516655120934573 
22 0 0.000049165792834871 
23 0 0.0000424990992133889 
24 0 0.000050831708836796 
25 0 0.000050831708836796 
26 0 0.000049165792834871 
27 0 0.0000533323077286374 
28 0 0.000049165792834871 
29 0 0.0000458323849097386 
30 0 0.0000641643056439323 
31 0 0.0000558321415637941 
32 0 0.0000616650765675741 
33 0 0.0000708309204254798 
34 0 0.0000799968545148744 
35 0 0.0000866629623158532 
36 0 0.0000883295656515237 
37 0 0.000095828824603239 
38 0 0.0000966622064806355 
39 0 0.00010249442502086 
40 0 0.000109160514256912 
41 0 0.000119159730383234 
42 0 0.000129991230535031 
43 0 0.000130824925681949 
44 0 0.000157488008681206 
45 0 0.000149155633233922 
46 0 0.000154987881941571 
47 0 0.000178317279880047 
48 0 0.000168319068138079 
49 0 0.000209978163241198 
50 0 0.000216642951604951 
51 0 0.000244969786716176 
52 0 0.00027662882477042 
53 0 0.000279128120336369 
54 0 0.000284959519989525 
55 0 0.000338276160053774 
56 0 0.000362434936167055 
57 0 0.000399920980766133 
58 0 0.000430741496539655 
59 0 0.000461561580819558 
60 0 0.000480718964532501 
61 0 0.000553182459983037 
62 0 0.000614813890598587 
63 0 0.000664782770596339 
64 0 0.00066644825774187 
65 0 0.000768876455062295 
66 0 0.000855474478701823 
67 0 0.000863801212201865 
68 0 0.00101699512834774 
69 0 0.00111855751351453 
70 0 0.00122760137167155 
71 0 0.00136992482844733 
72 0 0.00150390910137888 
73 0 0.0016337166844973 
74 0 0.00181009804747079 
75 0 0.0020263772734247 
76 0 0.00228336604296575 
77 0 0.00255526410011198 
78 0 0.00285702528657161 
79 0 0.00323848722675579 
80 0 0.00357747130474551 
81 0 0.00412481702926604 
82 0 0.0045366391004269 
83 0 0.00523050288964477 
84 0 0.00606174886256805 
85 0 0.0068693916256557 
86 0 0.00743222133185784 
87 0 0.00867176807785364 
88 0 0.00977493677993557 
89 0 0.0113818634401139 
90 0 0.0126423953017433 
91 0 0.0144787727194302 
92 0 0.0159444943753652 
93 0 0.0186833545742995 
94 0 0.0203205714729261 
95 0 0.0230188109834434 
96 0 0.0253377645524978 
97 0 0.0280313721918387 
98 0 0.0308657459632942 
99 0 0.0338206309427411 
100 0 0.0368716075449274 
101 0 0.0833333333333333 
