** Period (Monthly) Age-Specific Fertility Rates for Australia in 2005 
* Retrieved from the World Population Prospects 2024 
* https://population.un.org/wpp/assets/Excel%20Files/1_Indicator%20(Standard)/CSV_FILES/WPP2024_Fertility_by_Age1.csv.gz 
* United Nations. Population Division. Department of Economic and Social Affairs 
* Data downloaded on  03 Jul 2025 17:36:56 CEST 
** NB: The original WPP annual rates have been converted into monthly rates 

birth 1 F single 0 
15 0 0 
16 0 0.000261083333333333 
17 0 0.0005845 
18 0 0.00125625 
19 0 0.00191933333333333 
20 0 0.00282666666666667 
21 0 0.00337441666666667 
22 0 0.00383533333333333 
23 0 0.00437458333333333 
24 0 0.005079 
25 0 0.0058965 
26 0 0.00677733333333333 
27 0 0.00785516666666667 
28 0 0.00883816666666667 
29 0 0.00986425 
30 0 0.01060575 
31 0 0.01069325 
32 0 0.0108299166666667 
33 0 0.0103601666666667 
34 0 0.00965983333333333 
35 0 0.00860075 
36 0 0.00757841666666667 
37 0 0.00643825 
38 0 0.00501516666666667 
39 0 0.00385783333333333 
40 0 0.00279475 
41 0 0.00192866666666667 
42 0 0.00131425 
43 0 0.000733916666666667 
44 0 0.000452333333333333 
45 0 0.000238916666666667 
46 0 0.000127833333333333 
47 0 0.0000639166666666667 
48 0 0.0000213333333333333 
49 0 0.0000106666666666667 
50 0 0.00000133333333333333 
101 0 0 

birth 1 F married 0 
15 0 0 
16 0 0.000261083333333333 
17 0 0.0005845 
18 0 0.00125625 
19 0 0.00191933333333333 
20 0 0.00282666666666667 
21 0 0.00337441666666667 
22 0 0.00383533333333333 
23 0 0.00437458333333333 
24 0 0.005079 
25 0 0.0058965 
26 0 0.00677733333333333 
27 0 0.00785516666666667 
28 0 0.00883816666666667 
29 0 0.00986425 
30 0 0.01060575 
31 0 0.01069325 
32 0 0.0108299166666667 
33 0 0.0103601666666667 
34 0 0.00965983333333333 
35 0 0.00860075 
36 0 0.00757841666666667 
37 0 0.00643825 
38 0 0.00501516666666667 
39 0 0.00385783333333333 
40 0 0.00279475 
41 0 0.00192866666666667 
42 0 0.00131425 
43 0 0.000733916666666667 
44 0 0.000452333333333333 
45 0 0.000238916666666667 
46 0 0.000127833333333333 
47 0 0.0000639166666666667 
48 0 0.0000213333333333333 
49 0 0.0000106666666666667 
50 0 0.00000133333333333333 
101 0 0 
