** Period (Monthly) Age-Specific Probabilities of Death for Australia in 2009 
* Retrieved from the World Population Prospects 2024. Single age life tables up to age 100 Medium variant 
* https://population.un.org/wpp/assets/Excel%20Files/1_Indicator%20(Standard)/CSV_FILES/WPP2024_Life_Table_Complete_Medium_Female_1950-2023.csv.gz and 
* https://population.un.org/wpp/assets/Excel%20Files/1_Indicator%20(Standard)/CSV_FILES/WPP2024_Life_Table_Complete_Medium_Male_1950-2023.csv.gz and 
* United Nations. Population Division. Department of Economic and Social Affairs 
* Data downloaded on  03 Jul 2025 17:37:37 CEST 
** NB: The original WPP annual probabilities have been converted into monthly probabilities 
** The final age interval is limited to one year [100-101) 

death 1 F single 
1 0 0.000292921455908424 
2 0 0.0000274999923247643 
3 0 0.0000116665819044348 
4 0 0.0000125000260093877 
5 0 0.0000108331454403698 
6 0 0.00000916629543457059 
7 0 0.00000666691112360951 
8 0 0.00000416676215586609 
9 0 0.00000666691112360951 
10 0 0.00000916629543457059 
11 0 0.00000999971661719279 
12 0 0.00000916629543457059 
13 0 0.00000833371530217786 
14 0 0.00000666691112360951 
15 0 0.00000999971661719279 
16 0 0.0000116665819044348 
17 0 0.0000133334777554506 
18 0 0.0000216667484441713 
19 0 0.0000216667484441713 
20 0 0.0000216667484441713 
21 0 0.0000250001039088232 
22 0 0.0000175000176134699 
23 0 0.0000149995707006134 
24 0 0.0000216667484441713 
25 0 0.0000266664106883807 
26 0 0.0000250001039088232 
27 0 0.0000308327280768017 
28 0 0.0000358328944697339 
29 0 0.0000199996997872764 
30 0 0.0000374993998274453 
31 0 0.0000349992364201412 
32 0 0.0000283327480117279 
33 0 0.0000333327768948788 
34 0 0.0000258328366956606 
35 0 0.000039165935736496 
36 0 0.000039165935736496 
37 0 0.000050831708836796 
38 0 0.000050831708836796 
39 0 0.0000558321415637941 
40 0 0.0000674975519204812 
41 0 0.0000524984891835389 
42 0 0.0000674975519204812 
43 0 0.0000833298473094102 
44 0 0.0000808300912565896 
45 0 0.0000991615637143672 
46 0 0.00010249442502086 
47 0 0.000125825372957022 
48 0 0.000134991012402996 
49 0 0.000141656981421323 
50 0 0.00013832351850418 
51 0 0.000163319957243613 
52 0 0.000199147149662848 
53 0 0.000179983894598057 
54 0 0.000194981461896671 
55 0 0.000213310913978915 
56 0 0.000209978163241198 
57 0 0.000249136095026081 
58 0 0.000253301758672886 
59 0 0.000294957195131618 
60 0 0.00033327856547638 
61 0 0.000335777746620414 
62 0 0.000381594862683521 
63 0 0.000422411660024435 
64 0 0.000396588912659812 
65 0 0.000514868828484616 
66 0 0.000555680989046126 
67 0 0.000575670018156726 
68 0 0.000720578098779345 
69 0 0.000729738403795532 
70 0 0.000728905916094535 
71 0 0.000862968336243886 
72 0 0.000992019709042058 
73 0 0.00115684900445512 
74 0 0.00121345172319742 
75 0 0.00139406003837661 
76 0 0.0015413548586013 
77 0 0.00166034177350938 
78 0 0.00191907498569055 
79 0 0.00220519439203715 
80 0 0.00255027580057821 
81 0 0.00303738187944502 
82 0 0.00324098048719823 
83 0 0.00398114933220184 
84 0 0.00448350768533201 
85 0 0.00508196262807381 
86 0 0.00583033501864205 
87 0 0.00673674253415413 
88 0 0.00756399659590101 
89 0 0.00879850419661776 
90 0 0.0104455993538386 
91 0 0.0114977464477279 
92 0 0.0129163284313841 
93 0 0.0149099448830342 
94 0 0.0168417888561557 
95 0 0.0194620520043418 
96 0 0.0212997137317567 
97 0 0.0238000053881366 
98 0 0.0264726762210754 
99 0 0.0293037146567086 
100 0 0.0322739373766646 
101 0 0.0833333333333333 

death 1 M single 
1 0 0.000394249590945361 
2 0 0.0000283327480117279 
3 0 0.0000199996997872764 
4 0 0.0000108331454403698 
5 0 0.0000116665819044348 
6 0 0.0000141669371428454 
7 0 0.00000916629543457059 
8 0 0.00000833371530217786 
9 0 0.00000666691112360951 
10 0 0.00000833371530217786 
11 0 0.00000916629543457059 
12 0 0.00000500013750526218 
13 0 0.00000833371530217786 
14 0 0.0000125000260093877 
15 0 0.0000116665819044348 
16 0 0.0000241665451951034 
17 0 0.000031666347917958 
18 0 0.0000416662137441293 
19 0 0.0000466653085511304 
20 0 0.0000549983000887044 
21 0 0.0000524984891835389 
22 0 0.0000566651568346677 
23 0 0.0000483320125058695 
24 0 0.0000574981797391017 
25 0 0.000060831181586618 
26 0 0.0000641643056439323 
27 0 0.0000683306740973944 
28 0 0.00006916463787765 
29 0 0.0000674975519204812 
30 0 0.0000699977753336745 
31 0 0.00006916463787765 
32 0 0.0000758307853678808 
33 0 0.0000891628787780263 
34 0 0.0000891628787780263 
35 0 0.0000916628639935357 
36 0 0.0000974955959988089 
37 0 0.000100828396221719 
38 0 0.0000991615637143672 
39 0 0.000109994018370752 
40 0 0.000109160514256912 
41 0 0.000128325532201545 
42 0 0.000142489948931956 
43 0 0.000134157279044644 
44 0 0.000148322604637041 
45 0 0.000158321121281002 
46 0 0.000176651530674921 
47 0 0.000164986296992242 
48 0 0.000195814083098211 
49 0 0.000224974833229918 
50 0 0.000214143703108904 
51 0 0.000255800412828022 
52 0 0.000277461358401787 
53 0 0.000283293487041925 
54 0 0.000324114652930696 
55 0 0.000336610822274763 
56 0 0.000372431097468984 
57 0 0.00039408973251831 
58 0 0.000422411660024435 
59 0 0.000484883528441449 
60 0 0.000521532548136472 
61 0 0.000583998820331333 
62 0 0.000617312437092954 
63 0 0.000703923074450552 
64 0 0.000741396553204265 
65 0 0.000821335954304447 
66 0 0.000902101564885127 
67 0 0.00103947306361096 
68 0 0.00114103275758159 
69 0 0.00119264215670034 
70 0 0.00135244741208118 
71 0 0.00157047862106818 
72 0 0.00165618151278213 
73 0 0.00185834852458433 
74 0 0.00212784929742793 
75 0 0.00230249211899702 
76 0 0.00251036728629161 
77 0 0.00288861001449903 
78 0 0.00333570522863036 
79 0 0.00361568454842387 
80 0 0.00407333086119432 
81 0 0.00468606289015261 
82 0 0.0051823738106348 
83 0 0.00585356140390469 
84 0 0.00684617852179314 
85 0 0.00742890603170043 
86 0 0.00875708784636664 
87 0 0.00932030164480868 
88 0 0.0109017514921393 
89 0 0.012349420295205 
90 0 0.0139185114610872 
91 0 0.0150829135177984 
92 0 0.0167805307459103 
93 0 0.0192897238286743 
94 0 0.0214273967381605 
95 0 0.0239862645658965 
96 0 0.0259248776760661 
97 0 0.0284579358139424 
98 0 0.0311105385050006 
99 0 0.0338659294008309 
100 0 0.0367042528814331 
101 0 0.0833333333333333 
