** Period (Monthly) Age-Specific Probabilities of Death for Australia in 2011 
* Retrieved from the World Population Prospects 2024. Single age life tables up to age 100 Medium variant 
* https://population.un.org/wpp/assets/Excel%20Files/1_Indicator%20(Standard)/CSV_FILES/WPP2024_Life_Table_Complete_Medium_Female_1950-2023.csv.gz and 
* https://population.un.org/wpp/assets/Excel%20Files/1_Indicator%20(Standard)/CSV_FILES/WPP2024_Life_Table_Complete_Medium_Male_1950-2023.csv.gz and 
* United Nations. Population Division. Department of Economic and Social Affairs 
* Data downloaded on  03 Jul 2025 17:37:38 CEST 
** NB: The original WPP annual probabilities have been converted into monthly probabilities 
** The final age interval is limited to one year [100-101) 

death 1 F single 
1 0 0.000282949082635264 
2 0 0.0000216667484441713 
3 0 0.0000133334777554506 
4 0 0.0000133334777554506 
5 0 0.00000916629543457059 
6 0 0.00000916629543457059 
7 0 0.00000666691112360951 
8 0 0.00000416676215586609 
9 0 0.0000116665819044348 
10 0 0.00000833371530217786 
11 0 0.00000833371530217786 
12 0 0.00000250003437562984 
13 0 0.00000833371530217786 
14 0 0.00000750030939278279 
15 0 0.00000999971661719279 
16 0 0.0000158330453632338 
17 0 0.0000199996997872764 
18 0 0.0000175000176134699 
19 0 0.0000199996997872764 
20 0 0.0000241665451951034 
21 0 0.0000224994506968779 
22 0 0.0000224994506968779 
23 0 0.0000208332202944472 
24 0 0.0000258328366956606 
25 0 0.0000224994506968779 
26 0 0.000023332994124492 
27 0 0.0000216667484441713 
28 0 0.0000266664106883807 
29 0 0.0000175000176134699 
30 0 0.0000299999494883796 
31 0 0.0000250001039088232 
32 0 0.0000341664196621405 
33 0 0.0000358328944697339 
34 0 0.0000416662137441293 
35 0 0.0000399987982981909 
36 0 0.0000466653085511304 
37 0 0.0000408325021981071 
38 0 0.0000516655120934573 
39 0 0.0000549983000887044 
40 0 0.0000666644373789049 
41 0 0.0000616650765675741 
42 0 0.0000624981452916895 
43 0 0.0000816633356361951 
44 0 0.0000866629623158532 
45 0 0.000095828824603239 
46 0 0.0000899961995437515 
47 0 0.000110827530127589 
48 0 0.000116659823229059 
49 0 0.000127491859978179 
50 0 0.000147488748988067 
51 0 0.000156654068946604 
52 0 0.000169152280018903 
53 0 0.000179983894598057 
54 0 0.00017498497705748 
55 0 0.000219975946741502 
56 0 0.000215810139575057 
57 0 0.000236638578515747 
58 0 0.000245803701571234 
59 0 0.000275795462899797 
60 0 0.000308286352491471 
61 0 0.000346607489323691 
62 0 0.000388258858432078 
63 0 0.000392423371627926 
64 0 0.000402419484254457 
65 0 0.000437404910746397 
66 0 0.000511537570934029 
67 0 0.000535691327028132 
68 0 0.00062147655426692 
69 0 0.000668946545710369 
70 0 0.000773039961384669 
71 0 0.00086213546792302 
72 0 0.000989521786617154 
73 0 0.0011177248289328 
74 0 0.00119014461994638 
75 0 0.00141569791729979 
76 0 0.00143733502856702 
77 0 0.00162955594717507 
78 0 0.00188413690533829 
79 0 0.00212036374189761 
80 0 0.00231829154399299 
81 0 0.00283458265767855 
82 0 0.00315705224603624 
83 0 0.00383497520553766 
84 0 0.00442788297164343 
85 0 0.0048520710616935 
86 0 0.00565945113942412 
87 0 0.00670772503146311 
88 0 0.00766510074784854 
89 0 0.00878276583466142 
90 0 0.0104141390885547 
91 0 0.0118503469431551 
92 0 0.0131571542760781 
93 0 0.0146624959499112 
94 0 0.0162971039303518 
95 0 0.0190387100116999 
96 0 0.0213347794280591 
97 0 0.0238517410107667 
98 0 0.0265427252661449 
99 0 0.0293933709744508 
100 0 0.032384034539561 
101 0 0.0833333333333333 

death 1 M single 
1 0 0.000346921183809856 
2 0 0.0000283327480117279 
3 0 0.0000141669371428454 
4 0 0.00000999971661719279 
5 0 0.00000750030939278279 
6 0 0.0000116665819044348 
7 0 0.00000916629543457059 
8 0 0.00000916629543457059 
9 0 0.00000750030939278279 
10 0 0.00000583352049443597 
11 0 0.00000750030939278279 
12 0 0.00000500013750526218 
13 0 0.00000750030939278279 
14 0 0.00000750030939278279 
15 0 0.0000141669371428454 
16 0 0.0000199996997872764 
17 0 0.0000274999923247643 
18 0 0.0000366657264949666 
19 0 0.0000433319923137665 
20 0 0.0000449986351540588 
21 0 0.0000591650823251744 
22 0 0.0000549983000887044 
23 0 0.0000499987470196084 
24 0 0.000039165935736496 
25 0 0.0000599981281388384 
26 0 0.0000633312216504756 
27 0 0.0000583320441455148 
28 0 0.0000549983000887044 
29 0 0.0000616650765675741 
30 0 0.0000674975519204812 
31 0 0.0000716640731535101 
32 0 0.0000716640731535101 
33 0 0.0000874962601642437 
34 0 0.0000783304039441157 
35 0 0.0000766639839228089 
36 0 0.0000924953734962042 
37 0 0.0000849963895356298 
38 0 0.000103327868011815 
39 0 0.0000883295656515237 
40 0 0.000100828396221719 
41 0 0.000113327276884068 
42 0 0.000130824925681949 
43 0 0.000125825372957022 
44 0 0.000131657793934314 
45 0 0.000130824925681949 
46 0 0.000162486798824801 
47 0 0.000164986296992242 
48 0 0.000180817213416895 
49 0 0.000206645534704064 
50 0 0.000230806936496686 
51 0 0.000226641468296762 
52 0 0.000265798223763714 
53 0 0.000274962108670507 
54 0 0.000304120676295483 
55 0 0.000339109258611359 
56 0 0.000389924306042122 
57 0 0.000408250429974832 
58 0 0.000416580642742193 
59 0 0.000470723449578547 
60 0 0.000524031045162077 
61 0 0.000564842291133849 
62 0 0.000634801669253782 
63 0 0.000660618346894681 
64 0 0.000733901796829639 
65 0 0.000819670147706675 
66 0 0.000858804912252875 
67 0 0.000975368752012762 
68 0 0.00107693432154632 
69 0 0.00113770377211231 
70 0 0.00125257155112901 
71 0 0.00136992482844733 
72 0 0.00156548652353339 
73 0 0.00180926579601903 
74 0 0.00192157053054909 
75 0 0.00226340757120524 
76 0 0.00242389599403015 
77 0 0.00280715258559561 
78 0 0.00323100872054638 
79 0 0.0034187910794885 
80 0 0.00400108043176817 
81 0 0.00441127833470389 
82 0 0.00504212817600314 
83 0 0.00570424774234335 
84 0 0.00640839805566096 
85 0 0.00733193426363987 
86 0 0.00824346747044657 
87 0 0.00969875481380122 
88 0 0.0102965738077366 
89 0 0.0118503469431551 
90 0 0.0139764422385852 
91 0 0.0153874779620367 
92 0 0.0176067813289866 
93 0 0.0184448199246673 
94 0 0.0210044879788903 
95 0 0.0239181490827114 
96 0 0.0260743129323926 
97 0 0.0286868341655412 
98 0 0.0314241528659924 
99 0 0.0342677264637539 
100 0 0.037195618136305 
101 0 0.0833333333333333 
