** Period (Monthly) Age-Specific Probabilities of Death for Australia in 1999 
* Retrieved from the World Population Prospects 2024. Single age life tables up to age 100 Medium variant 
* https://population.un.org/wpp/assets/Excel%20Files/1_Indicator%20(Standard)/CSV_FILES/WPP2024_Life_Table_Complete_Medium_Female_1950-2023.csv.gz and 
* https://population.un.org/wpp/assets/Excel%20Files/1_Indicator%20(Standard)/CSV_FILES/WPP2024_Life_Table_Complete_Medium_Male_1950-2023.csv.gz and 
* United Nations. Population Division. Department of Economic and Social Affairs 
* Data downloaded on  03 Jul 2025 17:37:31 CEST 
** NB: The original WPP annual probabilities have been converted into monthly probabilities 
** The final age interval is limited to one year [100-101) 

death 1 F single 
1 0 0.000419149927864182 
2 0 0.000038332247120576 
3 0 0.0000208332202944472 
4 0 0.0000208332202944472 
5 0 0.0000216667484441713 
6 0 0.00000999971661719279 
7 0 0.0000141669371428454 
8 0 0.00000916629543457059 
9 0 0.00000916629543457059 
10 0 0.00000583352049443597 
11 0 0.00000500013750526218 
12 0 0.00000916629543457059 
13 0 0.00000833371530217786 
14 0 0.0000133334777554506 
15 0 0.0000183335152015296 
16 0 0.0000224994506968779 
17 0 0.0000183335152015296 
18 0 0.0000324991417722797 
19 0 0.000031666347917958 
20 0 0.0000324991417722797 
21 0 0.0000333327768948788 
22 0 0.0000324991417722797 
23 0 0.0000341664196621405 
24 0 0.0000341664196621405 
25 0 0.0000416662137441293 
26 0 0.0000349992364201412 
27 0 0.000031666347917958 
28 0 0.0000399987982981909 
29 0 0.0000349992364201412 
30 0 0.000038332247120576 
31 0 0.0000466653085511304 
32 0 0.0000374993998274453 
33 0 0.000049165792834871 
34 0 0.0000458323849097386 
35 0 0.0000583320441455148 
36 0 0.0000441657267835627 
37 0 0.0000591650823251744 
38 0 0.0000591650823251744 
39 0 0.0000683306740973944 
40 0 0.0000666644373789049 
41 0 0.0000749975944498438 
42 0 0.0000774971901148502 
43 0 0.0000933287248128245 
44 0 0.000106660882083109 
45 0 0.000106660882083109 
46 0 0.000119159730383234 
47 0 0.000123326116942768 
48 0 0.000143322924076039 
49 0 0.000148322604637041 
50 0 0.000154154799892448 
51 0 0.000146655735667411 
52 0 0.000169985499537728 
53 0 0.000221642490145002 
54 0 0.000193314572160319 
55 0 0.000250802337573464 
56 0 0.000265798223763714 
57 0 0.000252468610669188 
58 0 0.000327446573727297 
59 0 0.00037576311666998 
60 0 0.000411582925715859 
61 0 0.000448234210452481 
62 0 0.000441570002117309 
63 0 0.000523197925805019 
64 0 0.00058982884904013 
65 0 0.000604819552788349 
66 0 0.000633968372724114 
67 0 0.000747225768903514 
68 0 0.000827996963320587 
69 0 0.000927079206253345 
70 0 0.00102781789259832 
71 0 0.00117516168604981 
72 0 0.00132914434916875 
73 0 0.00148643382660507 
74 0 0.00162456399284894 
75 0 0.00181841673089767 
76 0 0.00197231170373369 
77 0 0.00222349013398793 
78 0 0.00264920850030281 
79 0 0.00289775349943466 
80 0 0.00327338702223479 
81 0 0.00370207619147167 
82 0 0.00418709569936504 
83 0 0.00479646012536883 
84 0 0.00532758650837595 
85 0 0.00645068802414739 
86 0 0.00724158920069518 
87 0 0.00808936061598076 
88 0 0.00901303213409987 
89 0 0.0101823169928865 
90 0 0.0111004252986614 
91 0 0.0129717767939178 
92 0 0.0141229197357553 
93 0 0.01576240453318 
94 0 0.0181665537505004 
95 0 0.0195001652202009 
96 0 0.0216203184622757 
97 0 0.023800729856709 
98 0 0.0261110773945349 
99 0 0.0285424257551372 
100 0 0.0310828875480809 
101 0 0.0833333333333333 

death 1 M single 
1 0 0.000527811189716232 
2 0 0.0000458323849097386 
3 0 0.0000250001039088232 
4 0 0.000023332994124492 
5 0 0.0000133334777554506 
6 0 0.0000125000260093877 
7 0 0.00000916629543457059 
8 0 0.0000141669371428454 
9 0 0.0000166665276674083 
10 0 0.00000833371530217786 
11 0 0.0000116665819044348 
12 0 0.0000125000260093877 
13 0 0.00000833371530217786 
14 0 0.0000133334777554506 
15 0 0.0000224994506968779 
16 0 0.0000424990992133889 
17 0 0.000047499073593138 
18 0 0.0000616650765675741 
19 0 0.0000924953734962042 
20 0 0.0000916628639935357 
21 0 0.000100828396221719 
22 0 0.0000999949761474328 
23 0 0.000100828396221719 
24 0 0.000117493396111668 
25 0 0.000108327852112788 
26 0 0.0000966622064806355 
27 0 0.000137490589173339 
28 0 0.000109160514256912 
29 0 0.000117493396111668 
30 0 0.000116659823229059 
31 0 0.000115826257990559 
32 0 0.000119992491757204 
33 0 0.000123326116942768 
34 0 0.00011499353478428 
35 0 0.00011415998482589 
36 0 0.000122492490570281 
37 0 0.000112493742205344 
38 0 0.000116659823229059 
39 0 0.000129158377552785 
40 0 0.000118326142219627 
41 0 0.000136657667474838 
42 0 0.000141656981421323 
43 0 0.000160820504897741 
44 0 0.000169985499537728 
45 0 0.000156654068946604 
46 0 0.000192481973855463 
47 0 0.000205811979051451 
48 0 0.00020247950326735 
49 0 0.000211644523334331 
50 0 0.000234972595611671 
51 0 0.000277461358401787 
52 0 0.000281627484634672 
53 0 0.000339942364806278 
54 0 0.000336610822274763 
55 0 0.000412415859466164 
56 0 0.000447400948320409 
57 0 0.000509038579407761 
58 0 0.000549850635846116 
59 0 0.00061814474184696 
60 0 0.000661451048479478 
61 0 0.000729738403795532 
62 0 0.000788861176698852 
63 0 0.000959549548593785 
64 0 0.000999512203466391 
65 0 0.00108109679429735 
66 0 0.001230098249559 
67 0 0.00142069109489718 
68 0 0.00155633307970859 
69 0 0.00174853374583039 
70 0 0.00193654353867112 
71 0 0.00222182657695336 
72 0 0.00244551464918896 
73 0 0.0025951709460742 
74 0 0.00300081395673901 
75 0 0.00347279391634614 
76 0 0.00367632525168249 
77 0 0.00407000837875982 
78 0 0.00455075199699928 
79 0 0.00483630078689945 
80 0 0.00540475110269634 
81 0 0.00611234097654167 
82 0 0.00682628157524856 
83 0 0.00741978935817122 
84 0 0.00843153051172008 
85 0 0.00929462791994418 
86 0 0.0105242504404492 
87 0 0.0118635894472808 
88 0 0.0126308075871155 
89 0 0.0149256684666712 
90 0 0.0159113877507597 
91 0 0.0164709337719785 
92 0 0.0193071213457466 
93 0 0.0216413755797092 
94 0 0.0221465742210237 
95 0 0.0253468936037204 
96 0 0.0270560760906532 
97 0 0.0292995687179353 
98 0 0.0316296149274329 
99 0 0.0340346583471479 
100 0 0.036501419112326 
101 0 0.0833333333333333 
