** Period (Monthly) Age-Specific Probabilities of Death for Australia in 2018 
* Retrieved from the World Population Prospects 2024. Single age life tables up to age 100 Medium variant 
* https://population.un.org/wpp/assets/Excel%20Files/1_Indicator%20(Standard)/CSV_FILES/WPP2024_Life_Table_Complete_Medium_Female_1950-2023.csv.gz and 
* https://population.un.org/wpp/assets/Excel%20Files/1_Indicator%20(Standard)/CSV_FILES/WPP2024_Life_Table_Complete_Medium_Male_1950-2023.csv.gz and 
* United Nations. Population Division. Department of Economic and Social Affairs 
* Data downloaded on  03 Jul 2025 17:37:42 CEST 
** NB: The original WPP annual probabilities have been converted into monthly probabilities 
** The final age interval is limited to one year [100-101) 

death 1 F single 
1 0 0.000227252993188376 
2 0 0.0000175000176134699 
3 0 0.0000149995707006134 
4 0 0.00000583352049443597 
5 0 0.00000333339444602565 
6 0 0.00000333339444602565 
7 0 0.00000583352049443597 
8 0 0.00000583352049443597 
9 0 0.00000416676215586609 
10 0 0.00000500013750526218 
11 0 0.00000250003437562984 
12 0 0.00000166668194467867 
13 0 0.00000416676215586609 
14 0 0.0000125000260093877 
15 0 0.00000916629543457059 
16 0 0.0000108331454403698 
17 0 0.0000133334777554506 
18 0 0.0000208332202944472 
19 0 0.0000183335152015296 
20 0 0.0000208332202944472 
21 0 0.0000191661869225479 
22 0 0.0000141669371428454 
23 0 0.0000199996997872764 
24 0 0.0000183335152015296 
25 0 0.0000133334777554506 
26 0 0.0000158330453632338 
27 0 0.0000199996997872764 
28 0 0.0000241665451951034 
29 0 0.000023332994124492 
30 0 0.0000241665451951034 
31 0 0.0000241665451951034 
32 0 0.0000216667484441713 
33 0 0.0000349992364201412 
34 0 0.0000324991417722797 
35 0 0.0000324991417722797 
36 0 0.0000424990992133889 
37 0 0.0000416662137441293 
38 0 0.0000441657267835627 
39 0 0.0000524984891835389 
40 0 0.0000574981797391017 
41 0 0.0000574981797391017 
42 0 0.0000649982312016517 
43 0 0.0000766639839228089 
44 0 0.0000816633356361951 
45 0 0.0000858296721063523 
46 0 0.0000924953734962042 
47 0 0.0000916628639935357 
48 0 0.000110827530127589 
49 0 0.000120826095202364 
50 0 0.000141656981421323 
51 0 0.000129158377552785 
52 0 0.000157488008681206 
53 0 0.000161653648042992 
54 0 0.000189981719470489 
55 0 0.000195814083098211 
56 0 0.000223308228723851 
57 0 0.000225807729240191 
58 0 0.000254134914314252 
59 0 0.000277461358401787 
60 0 0.000275795462899797 
61 0 0.000314950828115612 
62 0 0.000370765133681616 
63 0 0.000388258858432078 
64 0 0.000411582925715859 
65 0 0.000411582925715859 
66 0 0.00043823808122001 
67 0 0.000500709103997576 
68 0 0.000541521609995876 
69 0 0.000653123536722089 
70 0 0.000673943327762383 
71 0 0.000723909470093487 
72 0 0.000882118842579827 
73 0 0.00092541398481516 
74 0 0.00106944218271965 
75 0 0.0011968040262389 
76 0 0.00130417508434288 
77 0 0.00158878504542181 
78 0 0.00164536504843427 
79 0 0.0019689844516102 
80 0 0.00214032403648545 
81 0 0.00241474967700128 
82 0 0.00285619369234802 
83 0 0.00330828557225615 
84 0 0.00362565278039628 
85 0 0.0043539904422587 
86 0 0.0050612157884411 
87 0 0.00548771927433311 
88 0 0.00676078590126172 
89 0 0.00755405101901552 
90 0 0.00876785650651535 
91 0 0.0101814888172861 
92 0 0.0118544847190754 
93 0 0.0132614275172106 
94 0 0.0150200148389252 
95 0 0.0172391705827687 
96 0 0.0194020574383297 
97 0 0.0218409500796402 
98 0 0.0244722834290558 
99 0 0.027284865168004 
100 0 0.030261581835873 
101 0 0.0833333333333333 

death 1 M single 
1 0 0.000294583485171307 
2 0 0.0000175000176134699 
3 0 0.0000125000260093877 
4 0 0.00000750030939278279 
5 0 0.00000999971661719279 
6 0 0.00000500013750526218 
7 0 0.00000166668194467867 
8 0 0.00000583352049443597 
9 0 0.00000666691112360951 
10 0 0.00000666691112360951 
11 0 0.00000333339444602565 
12 0 0.00000500013750526218 
13 0 0.0000108331454403698 
14 0 0.00000916629543457059 
15 0 0.0000158330453632338 
16 0 0.0000208332202944472 
17 0 0.0000183335152015296 
18 0 0.0000341664196621405 
19 0 0.0000433319923137665 
20 0 0.0000483320125058695 
21 0 0.0000516655120934573 
22 0 0.000049165792834871 
23 0 0.0000458323849097386 
24 0 0.0000549983000887044 
25 0 0.000050831708836796 
26 0 0.0000524984891835389 
27 0 0.0000499987470196084 
28 0 0.0000499987470196084 
29 0 0.0000541653000921682 
30 0 0.0000616650765675741 
31 0 0.0000641643056439323 
32 0 0.0000574981797391017 
33 0 0.0000724972335176544 
34 0 0.0000724972335176544 
35 0 0.0000666644373789049 
36 0 0.0000774971901148502 
37 0 0.0000883295656515237 
38 0 0.0000883295656515237 
39 0 0.000107494363276728 
40 0 0.000112493742205344 
41 0 0.000095828824603239 
42 0 0.000113327276884068 
43 0 0.00011415998482589 
44 0 0.000124158916488093 
45 0 0.000144155906853571 
46 0 0.000158321121281002 
47 0 0.000168319068138079 
48 0 0.000179983894598057 
49 0 0.000204979266257843 
50 0 0.000204979266257843 
51 0 0.000219975946741502 
52 0 0.00023247284304484 
53 0 0.000259966381945254 
54 0 0.000280794076927493 
55 0 0.000336610822274763 
56 0 0.000341608600108345 
57 0 0.000394922505941309 
58 0 0.000407417534403987 
59 0 0.000430741496539655 
60 0 0.00050570669761496 
61 0 0.000544853128714662 
62 0 0.000581499512432693 
63 0 0.000649792242149672 
64 0 0.000708086964205656 
65 0 0.00071974569501887 
66 0 0.000773039961384669 
67 0 0.000905432025227415 
68 0 0.000906264448973459 
69 0 0.00101782773253489 
70 0 0.00111439501057664 
71 0 0.00120013349034021 
72 0 0.00145647581137931 
73 0 0.0014381672630287 
74 0 0.00169195902696773 
75 0 0.00187332216192493 
76 0 0.00203719067529118 
77 0 0.00230914475788502 
78 0 0.00249373863905578 
79 0 0.00297588065770338 
80 0 0.00329997599747356 
81 0 0.00375523723764226 
82 0 0.00416135392395567 
83 0 0.0049035299310336 
84 0 0.00521639654150885 
85 0 0.0059887612008076 
86 0 0.00719185647123888 
87 0 0.00788801302287068 
88 0 0.00915714681340107 
89 0 0.00989831488369519 
90 0 0.0116028652851667 
91 0 0.0132324631646333 
92 0 0.014562357644809 
93 0 0.0169220905754036 
94 0 0.0190643886702071 
95 0 0.0209912229844093 
96 0 0.0232010814159337 
97 0 0.0256917513035025 
98 0 0.0283286612223943 
99 0 0.0310968588015819 
100 0 0.0339773392274137 
101 0 0.0833333333333333 
