** Period (Monthly) Age-Specific Fertility Rates for Australia in 1997 
* Retrieved from the World Population Prospects 2024 
* https://population.un.org/wpp/assets/Excel%20Files/1_Indicator%20(Standard)/CSV_FILES/WPP2024_Fertility_by_Age1.csv.gz 
* United Nations. Population Division. Department of Economic and Social Affairs 
* Data downloaded on  03 Jul 2025 17:36:54 CEST 
** NB: The original WPP annual rates have been converted into monthly rates 

birth 1 F single 0 
15 0 0 
16 0 0.000365916666666667 
17 0 0.000688833333333333 
18 0 0.00148425 
19 0 0.00236166666666667 
20 0 0.00331291666666667 
21 0 0.00392141666666667 
22 0 0.00438325 
23 0 0.00512216666666667 
24 0 0.00594508333333333 
25 0 0.00680158333333333 
26 0 0.00781933333333333 
27 0 0.0086955 
28 0 0.00984716666666667 
29 0 0.0104313333333333 
30 0 0.0108318333333333 
31 0 0.0106875 
32 0 0.0098955 
33 0 0.00911191666666667 
34 0 0.00796141666666667 
35 0 0.00695275 
36 0 0.00576833333333333 
37 0 0.00467991666666667 
38 0 0.00354133333333333 
39 0 0.00276275 
40 0 0.00190883333333333 
41 0 0.00132058333333333 
42 0 0.000849583333333333 
43 0 0.000513083333333333 
44 0 0.000302833333333333 
45 0 0.000143 
46 0 0.0000759166666666667 
47 0 0.0000285 
48 0 0.0000095 
49 0 0.0000095 
50 0 0.00000633333333333333 
101 0 0 

birth 1 F married 0 
15 0 0 
16 0 0.000365916666666667 
17 0 0.000688833333333333 
18 0 0.00148425 
19 0 0.00236166666666667 
20 0 0.00331291666666667 
21 0 0.00392141666666667 
22 0 0.00438325 
23 0 0.00512216666666667 
24 0 0.00594508333333333 
25 0 0.00680158333333333 
26 0 0.00781933333333333 
27 0 0.0086955 
28 0 0.00984716666666667 
29 0 0.0104313333333333 
30 0 0.0108318333333333 
31 0 0.0106875 
32 0 0.0098955 
33 0 0.00911191666666667 
34 0 0.00796141666666667 
35 0 0.00695275 
36 0 0.00576833333333333 
37 0 0.00467991666666667 
38 0 0.00354133333333333 
39 0 0.00276275 
40 0 0.00190883333333333 
41 0 0.00132058333333333 
42 0 0.000849583333333333 
43 0 0.000513083333333333 
44 0 0.000302833333333333 
45 0 0.000143 
46 0 0.0000759166666666667 
47 0 0.0000285 
48 0 0.0000095 
49 0 0.0000095 
50 0 0.00000633333333333333 
101 0 0 
