** Period (Monthly) Age-Specific Probabilities of Death for Australia in 1993 
* Retrieved from the World Population Prospects 2024. Single age life tables up to age 100 Medium variant 
* https://population.un.org/wpp/assets/Excel%20Files/1_Indicator%20(Standard)/CSV_FILES/WPP2024_Life_Table_Complete_Medium_Female_1950-2023.csv.gz and 
* https://population.un.org/wpp/assets/Excel%20Files/1_Indicator%20(Standard)/CSV_FILES/WPP2024_Life_Table_Complete_Medium_Male_1950-2023.csv.gz and 
* United Nations. Population Division. Department of Economic and Social Affairs 
* Data downloaded on  03 Jul 2025 17:37:27 CEST 
** NB: The original WPP annual probabilities have been converted into monthly probabilities 
** The final age interval is limited to one year [100-101) 

death 1 F single 
1 0 0.000443214654501811 
2 0 0.0000433319923137665 
3 0 0.000023332994124492 
4 0 0.0000191661869225479 
5 0 0.0000183335152015296 
6 0 0.0000125000260093877 
7 0 0.00000750030939278279 
8 0 0.0000149995707006134 
9 0 0.0000116665819044348 
10 0 0.00000833371530217786 
11 0 0.0000116665819044348 
12 0 0.0000108331454403698 
13 0 0.0000108331454403698 
14 0 0.0000199996997872764 
15 0 0.0000149995707006134 
16 0 0.0000191661869225479 
17 0 0.0000274999923247643 
18 0 0.0000283327480117279 
19 0 0.0000324991417722797 
20 0 0.0000299999494883796 
21 0 0.000039165935736496 
22 0 0.0000274999923247643 
23 0 0.0000324991417722797 
24 0 0.0000299999494883796 
25 0 0.000029166344928 
26 0 0.0000266664106883807 
27 0 0.000038332247120576 
28 0 0.0000283327480117279 
29 0 0.0000274999923247643 
30 0 0.0000341664196621405 
31 0 0.0000441657267835627 
32 0 0.0000399987982981909 
33 0 0.0000441657267835627 
34 0 0.000049165792834871 
35 0 0.0000441657267835627 
36 0 0.0000624981452916895 
37 0 0.000060831181586618 
38 0 0.0000708309204254798 
39 0 0.0000641643056439323 
40 0 0.0000766639839228089 
41 0 0.0000791636254107164 
42 0 0.0000908295279488103 
43 0 0.000082496587653802 
44 0 0.0000983281589223006 
45 0 0.0000941620837694446 
46 0 0.000108327852112788 
47 0 0.000124158916488093 
48 0 0.000144155906853571 
49 0 0.000155820971626253 
50 0 0.000198313662774452 
51 0 0.000197480183529275 
52 0 0.00020414572588634 
53 0 0.000223308228723851 
54 0 0.000264131706270709 
55 0 0.000268297221504454 
56 0 0.000306619891870419 
57 0 0.000362434936167055 
58 0 0.000392423371627926 
59 0 0.000426576901462195 
60 0 0.000468224742632861 
61 0 0.000502374937995431 
62 0 0.000533193347588501 
63 0 0.000585664504646366 
64 0 0.000724741912007998 
65 0 0.000753887227448957 
66 0 0.000775537820589478 
67 0 0.000957884573884793 
68 0 0.000977866285194806 
69 0 0.00116184315937151 
70 0 0.0012242717448675 
71 0 0.00145397862729435 
72 0 0.00146146869194785 
73 0 0.00172107850891345 
74 0 0.00192323369780856 
75 0 0.00217192807274991 
76 0 0.00238065788407182 
77 0 0.00263258182549719 
78 0 0.00287281756508084 
79 0 0.00345867055798543 
80 0 0.003860722605322 
81 0 0.00415803257179348 
82 0 0.00471511527371737 
83 0 0.00531265030642492 
84 0 0.00611565821061533 
85 0 0.00682545221912567 
86 0 0.00751095592228168 
87 0 0.00828075010627616 
88 0 0.00957454086048903 
89 0 0.0105673000102537 
90 0 0.0118081344682496 
91 0 0.0128989490852206 
92 0 0.0138134126031257 
93 0 0.0162192966066824 
94 0 0.0187065462732913 
95 0 0.0187902046221572 
96 0 0.0213950050195887 
97 0 0.0234443286226024 
98 0 0.0256113898286044 
99 0 0.0278890496347478 
100 0 0.030267786638094 
101 0 0.0833333333333333 

death 1 M single 
1 0 0.00056179429063552 
2 0 0.0000616650765675741 
3 0 0.000038332247120576 
4 0 0.0000266664106883807 
5 0 0.0000258328366956606 
6 0 0.0000166665276674083 
7 0 0.0000216667484441713 
8 0 0.0000141669371428454 
9 0 0.00000666691112360951 
10 0 0.0000125000260093877 
11 0 0.0000191661869225479 
12 0 0.00000916629543457059 
13 0 0.0000141669371428454 
14 0 0.0000183335152015296 
15 0 0.0000241665451951034 
16 0 0.0000274999923247643 
17 0 0.0000449986351540588 
18 0 0.0000599981281388384 
19 0 0.0000916628639935357 
20 0 0.000103327868011815 
21 0 0.0000899961995437515 
22 0 0.000100828396221719 
23 0 0.0000991615637143672 
24 0 0.0000933287248128245 
25 0 0.0000924953734962042 
26 0 0.0000858296721063523 
27 0 0.000105827408531933 
28 0 0.000101661823937227 
29 0 0.0000974955959988089 
30 0 0.000107494363276728 
31 0 0.00011166021516984 
32 0 0.000124992558143577 
33 0 0.00011415998482589 
34 0 0.0000916628639935357 
35 0 0.000118326142219627 
36 0 0.000119159730383234 
37 0 0.000124992558143577 
38 0 0.000130824925681949 
39 0 0.000127491859978179 
40 0 0.000129158377552785 
41 0 0.000127491859978179 
42 0 0.000164153123299315 
43 0 0.000145822729980871 
44 0 0.000172485203923878 
45 0 0.000179150583419108 
46 0 0.000194148013207274 
47 0 0.000239971471476252 
48 0 0.000224141944852319 
49 0 0.000273296258978428 
50 0 0.000281627484634672 
51 0 0.000329112579936064 
52 0 0.000389924306042122 
53 0 0.000383260188166035 
54 0 0.000449899920171415 
55 0 0.000446567693829225 
56 0 0.000602321349829738 
57 0 0.000578168327047046 
58 0 0.000677274668487549 
59 0 0.000801351653933025 
60 0 0.00081550702612776 
61 0 0.000958717478510063 
62 0 0.000997014917485939 
63 0 0.00120013349034021 
64 0 0.00126588902820191 
65 0 0.00142568454714997 
66 0 0.00161041850288424 
67 0 0.00176434149625604 
68 0 0.00196732044551284 
69 0 0.00212285885844377 
70 0 0.00245549198926498 
71 0 0.0025810370667525 
72 0 0.0028744802060553 
73 0 0.00323350177522419 
74 0 0.00352097950791563 
75 0 0.00373530198753835 
76 0 0.00418377427533778 
77 0 0.00467029081411385 
78 0 0.00507366402617748 
79 0 0.00584028896074995 
80 0 0.0066886552594535 
81 0 0.00717610733599039 
82 0 0.00756150987242077 
83 0 0.00888299265122272 
84 0 0.0095389322045093 
85 0 0.0103470777330639 
86 0 0.0113479263865829 
87 0 0.0132837716320832 
88 0 0.0134327336286927 
89 0 0.0151433292131398 
90 0 0.0158865568752051 
91 0 0.0179065289826972 
92 0 0.0190411943546999 
93 0 0.0217392528226243 
94 0 0.0241756838777754 
95 0 0.0204299818522468 
96 0 0.0256530409730574 
97 0 0.0274783743100425 
98 0 0.0293703468550195 
99 0 0.0313231156975975 
100 0 0.0333298953584742 
101 0 0.0833333333333333 
