** Period (Monthly) Age-Specific Fertility Rates for Australia in 1965 
* Retrieved from the World Population Prospects 2024 
* https://population.un.org/wpp/assets/Excel%20Files/1_Indicator%20(Standard)/CSV_FILES/WPP2024_Fertility_by_Age1.csv.gz 
* United Nations. Population Division. Department of Economic and Social Affairs 
* Data downloaded on  03 Jul 2025 17:36:47 CEST 
** NB: The original WPP annual rates have been converted into monthly rates 

birth 1 F single 0 
15 0 0 
16 0 0.000573583333333333 
17 0 0.00142158333333333 
18 0 0.00355383333333333 
19 0 0.00575041666666667 
20 0 0.00859925 
21 0 0.0106949166666667 
22 0 0.0126558333333333 
23 0 0.01625875 
24 0 0.01734575 
25 0 0.0181601666666667 
26 0 0.0182624166666667 
27 0 0.0169284166666667 
28 0 0.0158954166666667 
29 0 0.014403 
30 0 0.0129255833333333 
31 0 0.01168475 
32 0 0.0100438333333333 
33 0 0.00924366666666667 
34 0 0.00806341666666667 
35 0 0.00687325 
36 0 0.00590716666666667 
37 0 0.00527883333333333 
38 0 0.00444283333333333 
39 0 0.00355108333333333 
40 0 0.00293116666666667 
41 0 0.0022325 
42 0 0.00163108333333333 
43 0 0.00121525 
44 0 0.000766083333333333 
45 0 0.000395083333333333 
46 0 0.000275166666666667 
47 0 0.000119666666666667 
48 0 0.0000401666666666667 
49 0 0.0000270833333333333 
50 0 0.0000323333333333333 
101 0 0 

birth 1 F married 0 
15 0 0 
16 0 0.000573583333333333 
17 0 0.00142158333333333 
18 0 0.00355383333333333 
19 0 0.00575041666666667 
20 0 0.00859925 
21 0 0.0106949166666667 
22 0 0.0126558333333333 
23 0 0.01625875 
24 0 0.01734575 
25 0 0.0181601666666667 
26 0 0.0182624166666667 
27 0 0.0169284166666667 
28 0 0.0158954166666667 
29 0 0.014403 
30 0 0.0129255833333333 
31 0 0.01168475 
32 0 0.0100438333333333 
33 0 0.00924366666666667 
34 0 0.00806341666666667 
35 0 0.00687325 
36 0 0.00590716666666667 
37 0 0.00527883333333333 
38 0 0.00444283333333333 
39 0 0.00355108333333333 
40 0 0.00293116666666667 
41 0 0.0022325 
42 0 0.00163108333333333 
43 0 0.00121525 
44 0 0.000766083333333333 
45 0 0.000395083333333333 
46 0 0.000275166666666667 
47 0 0.000119666666666667 
48 0 0.0000401666666666667 
49 0 0.0000270833333333333 
50 0 0.0000323333333333333 
101 0 0 
