** Period (Monthly) Age-Specific Probabilities of Death for Australia in 2003 
* Retrieved from the World Population Prospects 2024. Single age life tables up to age 100 Medium variant 
* https://population.un.org/wpp/assets/Excel%20Files/1_Indicator%20(Standard)/CSV_FILES/WPP2024_Life_Table_Complete_Medium_Female_1950-2023.csv.gz and 
* https://population.un.org/wpp/assets/Excel%20Files/1_Indicator%20(Standard)/CSV_FILES/WPP2024_Life_Table_Complete_Medium_Male_1950-2023.csv.gz and 
* United Nations. Population Division. Department of Economic and Social Affairs 
* Data downloaded on  03 Jul 2025 17:37:33 CEST 
** NB: The original WPP annual probabilities have been converted into monthly probabilities 
** The final age interval is limited to one year [100-101) 

death 1 F single 
1 0 0.000356055605546302 
2 0 0.0000308327280768017 
3 0 0.0000183335152015296 
4 0 0.0000191661869225479 
5 0 0.0000133334777554506 
6 0 0.00000916629543457059 
7 0 0.00000333339444602565 
8 0 0.00000999971661719279 
9 0 0.00000916629543457059 
10 0 0.00000666691112360951 
11 0 0.00000583352049443597 
12 0 0.00000833371530217786 
13 0 0.00000833371530217786 
14 0 0.00000916629543457059 
15 0 0.0000141669371428454 
16 0 0.0000166665276674083 
17 0 0.0000274999923247643 
18 0 0.0000250001039088232 
19 0 0.0000224994506968779 
20 0 0.0000250001039088232 
21 0 0.0000250001039088232 
22 0 0.0000283327480117279 
23 0 0.0000241665451951034 
24 0 0.000031666347917958 
25 0 0.0000241665451951034 
26 0 0.0000266664106883807 
27 0 0.000029166344928 
28 0 0.0000333327768948788 
29 0 0.0000299999494883796 
30 0 0.000029166344928 
31 0 0.0000424990992133889 
32 0 0.0000416662137441293 
33 0 0.0000333327768948788 
34 0 0.0000466653085511304 
35 0 0.0000466653085511304 
36 0 0.0000449986351540588 
37 0 0.000049165792834871 
38 0 0.000060831181586618 
39 0 0.0000724972335176544 
40 0 0.0000683306740973944 
41 0 0.0000883295656515237 
42 0 0.0000783304039441157 
43 0 0.0000749975944498438 
44 0 0.000082496587653802 
45 0 0.0000924953734962042 
46 0 0.000109994018370752 
47 0 0.000121658871843011 
48 0 0.000130824925681949 
49 0 0.000141656981421323 
50 0 0.000146655735667411 
51 0 0.000165819478322393 
52 0 0.000149988669465251 
53 0 0.00016665266728999 
54 0 0.000189149151694989 
55 0 0.000219975946741502 
56 0 0.000233306643244613 
57 0 0.000251635470302713 
58 0 0.000296622605853059 
59 0 0.000326613582075641 
60 0 0.000360769155620888 
61 0 0.000400753807629384 
62 0 0.000430741496539655 
63 0 0.000501542017178891 
64 0 0.000521532548136472 
65 0 0.000583165989625267 
66 0 0.000601488351152701 
67 0 0.000685601875497932 
68 0 0.00076054917452395 
69 0 0.000832993250908465 
70 0 0.000978698530732403 
71 0 0.0010011770989371 
72 0 0.00112022206191331 
73 0 0.00124175153593165 
74 0 0.00140820739628589 
75 0 0.00159294561025414 
76 0 0.00183255981795227 
77 0 0.00207960965144283 
78 0 0.00233824927186144 
79 0 0.00263008808722742 
80 0 0.0029476227142059 
81 0 0.00329997599747356 
82 0 0.00390723323721598 
83 0 0.00448267765865928 
84 0 0.00495415732157634 
85 0 0.00574904258378095 
86 0 0.00647058919498633 
87 0 0.00745542732008564 
88 0 0.0081863003428192 
89 0 0.00980391844196116 
90 0 0.0114356656513535 
91 0 0.0121863757701667 
92 0 0.0142329854195652 
93 0 0.0161803943839056 
94 0 0.0178419421497943 
95 0 0.0194156554666803 
96 0 0.0222036685214883 
97 0 0.0246596166950109 
98 0 0.0272703244225411 
99 0 0.0300220343739922 
100 0 0.0328966534951715 
101 0 0.0833333333333333 

death 1 M single 
1 0 0.00044902393226931 
2 0 0.0000366657264949666 
3 0 0.0000208332202944472 
4 0 0.0000224994506968779 
5 0 0.0000158330453632338 
6 0 0.00000999971661719279 
7 0 0.0000116665819044348 
8 0 0.0000149995707006134 
9 0 0.00000750030939278279 
10 0 0.0000108331454403698 
11 0 0.00000750030939278279 
12 0 0.00000750030939278279 
13 0 0.00000999971661719279 
14 0 0.0000125000260093877 
15 0 0.0000116665819044348 
16 0 0.0000216667484441713 
17 0 0.0000358328944697339 
18 0 0.0000549983000887044 
19 0 0.0000716640731535101 
20 0 0.0000708309204254798 
21 0 0.0000683306740973944 
22 0 0.0000791636254107164 
23 0 0.0000741635771550619 
24 0 0.0000808300912565896 
25 0 0.0000749975944498438 
26 0 0.0000774971901148502 
27 0 0.0000774971901148502 
28 0 0.0000749975944498438 
29 0 0.0000866629623158532 
30 0 0.0000949954503661754 
31 0 0.0000941620837694446 
32 0 0.0000816633356361951 
33 0 0.000082496587653802 
34 0 0.0000966622064806355 
35 0 0.0000916628639935357 
36 0 0.0000991615637143672 
37 0 0.0000924953734962042 
38 0 0.000116659823229059 
39 0 0.000113327276884068 
40 0 0.00011415998482589 
41 0 0.000121658871843011 
42 0 0.000140823186918437 
43 0 0.000133324387889933 
44 0 0.000174151711707426 
45 0 0.000174151711707426 
46 0 0.000184149730071081 
47 0 0.00020081331119326 
48 0 0.000203313028358298 
49 0 0.000236638578515747 
50 0 0.000249136095026081 
51 0 0.000218309433895225 
52 0 0.000263299294734121 
53 0 0.000294957195131618 
54 0 0.000339109258611359 
55 0 0.000334944678602622 
56 0 0.000379095258047135 
57 0 0.00043823808122001 
58 0 0.000508205597505307 
59 0 0.000559012188520391 
60 0 0.00058982884904013 
61 0 0.00064646106972488 
62 0 0.000756385400348503 
63 0 0.000803017124623273 
64 0 0.000940401234986732 
65 0 0.000917088335555039 
66 0 0.00110856833313255 
67 0 0.00124674529386615 
68 0 0.0014132010082879 
69 0 0.00143733502856702 
70 0 0.0016220672702949 
71 0 0.00188164068824515 
72 0 0.00202138730049961 
73 0 0.00225758610954785 
74 0 0.00253198428875301 
75 0 0.00288528596517579 
76 0 0.00314126299272588 
77 0 0.00340383604109762 
78 0 0.00379593683328805 
79 0 0.00432493050224936 
80 0 0.00501308157105407 
81 0 0.00546614803112588 
82 0 0.00608580124892288 
83 0 0.00696306869260799 
84 0 0.00772228138571318 
85 0 0.00871898373380797 
86 0 0.00986933348833197 
87 0 0.0110093669562059 
88 0 0.011963737723535 
89 0 0.0137902410116941 
90 0 0.0141270574290564 
91 0 0.01790238960178 
92 0 0.0176556352827034 
93 0 0.0200172342187503 
94 0 0.0227822375037871 
95 0 0.0253701791536523 
96 0 0.0269563100369362 
97 0 0.0293647080069718 
98 0 0.031872548149913 
99 0 0.0344653754118851 
100 0 0.0371264739627832 
101 0 0.0833333333333333 
