** Period (Monthly) Age-Specific Probabilities of Death for Australia in 1975 
* Retrieved from the World Population Prospects 2024. Single age life tables up to age 100 Medium variant 
* https://population.un.org/wpp/assets/Excel%20Files/1_Indicator%20(Standard)/CSV_FILES/WPP2024_Life_Table_Complete_Medium_Female_1950-2023.csv.gz and 
* https://population.un.org/wpp/assets/Excel%20Files/1_Indicator%20(Standard)/CSV_FILES/WPP2024_Life_Table_Complete_Medium_Male_1950-2023.csv.gz and 
* United Nations. Population Division. Department of Economic and Social Affairs 
* Data downloaded on  03 Jul 2025 17:37:16 CEST 
** NB: The original WPP annual probabilities have been converted into monthly probabilities 
** The final age interval is limited to one year [100-101) 

death 1 F single 
1 0 0.00100905037840249 
2 0 0.0000908295279488103 
3 0 0.0000558321415637941 
4 0 0.0000466653085511304 
5 0 0.0000358328944697339 
6 0 0.000029166344928 
7 0 0.0000216667484441713 
8 0 0.0000191661869225479 
9 0 0.0000183335152015296 
10 0 0.0000208332202944472 
11 0 0.0000166665276674083 
12 0 0.0000224994506968779 
13 0 0.0000158330453632338 
14 0 0.0000166665276674083 
15 0 0.0000241665451951034 
16 0 0.0000308327280768017 
17 0 0.0000358328944697339 
18 0 0.0000458323849097386 
19 0 0.0000599981281388384 
20 0 0.000047499073593138 
21 0 0.0000524984891835389 
22 0 0.0000399987982981909 
23 0 0.0000449986351540588 
24 0 0.0000374993998274453 
25 0 0.000039165935736496 
26 0 0.0000424990992133889 
27 0 0.0000416662137441293 
28 0 0.0000408325021981071 
29 0 0.0000416662137441293 
30 0 0.0000483320125058695 
31 0 0.0000566651568346677 
32 0 0.0000499987470196084 
33 0 0.0000649982312016517 
34 0 0.0000683306740973944 
35 0 0.0000724972335176544 
36 0 0.0000833298473094102 
37 0 0.000100828396221719 
38 0 0.000119159730383234 
39 0 0.00013832351850418 
40 0 0.000118326142219627 
41 0 0.000134991012402996 
42 0 0.000134157279044644 
43 0 0.000159154241516912 
44 0 0.000195814083098211 
45 0 0.000205811979051451 
46 0 0.000220808796943528 
47 0 0.000228307298496433 
48 0 0.000287459044663319 
49 0 0.000299122451319467 
50 0 0.000294957195131618 
51 0 0.000362434936167055 
52 0 0.000351604980400877 
53 0 0.000433240847593219 
54 0 0.000414914706526215 
55 0 0.000480718964532501 
56 0 0.000524864172158135 
57 0 0.000539855896443675 
58 0 0.000617312437092954 
59 0 0.000665615510352491 
60 0 0.000766377938629326 
61 0 0.000882118842579827 
62 0 0.000821335954304447 
63 0 0.000942065889216748 
64 0 0.00101199966351739 
65 0 0.00128919445430342 
66 0 0.00128253587511884 
67 0 0.00140820739628589 
68 0 0.00155050848736182 
69 0 0.00173106227421793 
70 0 0.00185834852458433 
71 0 0.00213367097009909 
72 0 0.00211786869397668 
73 0 0.00257438588566217 
74 0 0.0027198698394183 
75 0 0.00328751263193849 
76 0 0.00385823048931511 
77 0 0.00371868930229169 
78 0 0.00428756744714787 
79 0 0.00463957671883741 
80 0 0.0053101611792733 
81 0 0.00596719645202237 
82 0 0.00624917965760796 
83 0 0.00745791383608418 
84 0 0.00791204319086003 
85 0 0.00917122615196608 
86 0 0.0100581208001107 
87 0 0.0117295044204699 
88 0 0.0122492773756953 
89 0 0.0134228031213981 
90 0 0.0157963396967534 
91 0 0.0160843771686154 
92 0 0.0167879805374008 
93 0 0.0184439915251369 
94 0 0.018424114288171 
95 0 0.0225481889761483 
96 0 0.0235733028240642 
97 0 0.0253378584907293 
98 0 0.0271766960181142 
99 0 0.0290849269618642 
100 0 0.0310566176851023 
101 0 0.0833333333333333 

death 1 M single 
1 0 0.00130464596353341 
2 0 0.0000933287248128245 
3 0 0.0000724972335176544 
4 0 0.0000641643056439323 
5 0 0.0000483320125058695 
6 0 0.0000358328944697339 
7 0 0.000031666347917958 
8 0 0.0000299999494883796 
9 0 0.000031666347917958 
10 0 0.0000266664106883807 
11 0 0.0000274999923247643 
12 0 0.0000299999494883796 
13 0 0.0000308327280768017 
14 0 0.0000308327280768017 
15 0 0.0000408325021981071 
16 0 0.000049165792834871 
17 0 0.0000891628787780263 
18 0 0.000139990234681586 
19 0 0.000178317279880047 
20 0 0.000193314572160319 
21 0 0.000169152280018903 
22 0 0.000149988669465251 
23 0 0.000140823186918437 
24 0 0.000123326116942768 
25 0 0.000118326142219627 
26 0 0.000137490589173339 
27 0 0.000101661823937227 
28 0 0.000110827530127589 
29 0 0.000110827530127589 
30 0 0.000103327868011815 
31 0 0.0000999949761474328 
32 0 0.000110827530127589 
33 0 0.000134991012402996 
34 0 0.000125825372957022 
35 0 0.000127491859978179 
36 0 0.000153321725478772 
37 0 0.000162486798824801 
38 0 0.000177483983980542 
39 0 0.000185816451737875 
40 0 0.000189981719470489 
41 0 0.000218309433895225 
42 0 0.000229140225045943 
43 0 0.000291624793218981 
44 0 0.000309952007490732 
45 0 0.000340775478638533 
46 0 0.000344108010344457 
47 0 0.000409917081119038 
48 0 0.0004765545914861 
49 0 0.000531526948486016 
50 0 0.000611482322501966 
51 0 0.00068060529177838 
52 0 0.000661451048479478 
53 0 0.00081550702612776 
54 0 0.000876290219663955 
55 0 0.000953721849581313 
56 0 0.00105362513294383 
57 0 0.00110773574014367 
58 0 0.00126755374456078 
59 0 0.0013715897615032 
60 0 0.00154218719969079 
61 0 0.00173771816170398 
62 0 0.0017352225713938 
63 0 0.00206214337010513 
64 0 0.00211620536681922 
65 0 0.00242555898206365 
66 0 0.00274065220917041 
67 0 0.00264837709414556 
68 0 0.00318364335195953 
69 0 0.00334650646523449 
70 0 0.00366967997248668 
71 0 0.00420619407055167 
72 0 0.00416384479992704 
73 0 0.00474499712419152 
74 0 0.00514918062627068 
75 0 0.00619112809397437 
76 0 0.00653111970845788 
77 0 0.00628069294104316 
78 0 0.00737834855209019 
79 0 0.00804710382441653 
80 0 0.0085781603339643 
81 0 0.00955135339239077 
82 0 0.00979481000196458 
83 0 0.0108794009493443 
84 0 0.0123146602615438 
85 0 0.0136288653580032 
86 0 0.0144531202191247 
87 0 0.0161845315411792 
88 0 0.0170131554353805 
89 0 0.0178121303137446 
90 0 0.0203611854455966 
91 0 0.0219964086706845 
92 0 0.0201365750561912 
93 0 0.0229972269731417 
94 0 0.0268040355729915 
95 0 0.0262495782584308 
96 0 0.0287576681380622 
97 0 0.0304914661200287 
98 0 0.0322712177040452 
99 0 0.0340916695139792 
100 0 0.0359470283280031 
101 0 0.0833333333333333 
