** Period (Monthly) Age-Specific Probabilities of Death for Australia in 1974 
* Retrieved from the World Population Prospects 2024. Single age life tables up to age 100 Medium variant 
* https://population.un.org/wpp/assets/Excel%20Files/1_Indicator%20(Standard)/CSV_FILES/WPP2024_Life_Table_Complete_Medium_Female_1950-2023.csv.gz and 
* https://population.un.org/wpp/assets/Excel%20Files/1_Indicator%20(Standard)/CSV_FILES/WPP2024_Life_Table_Complete_Medium_Male_1950-2023.csv.gz and 
* United Nations. Population Division. Department of Economic and Social Affairs 
* Data downloaded on  03 Jul 2025 17:37:15 CEST 
** NB: The original WPP annual probabilities have been converted into monthly probabilities 
** The final age interval is limited to one year [100-101) 

death 1 F single 
1 0 0.00110795928259766 
2 0 0.0000883295656515237 
3 0 0.000060831181586618 
4 0 0.000050831708836796 
5 0 0.0000266664106883807 
6 0 0.0000358328944697339 
7 0 0.0000299999494883796 
8 0 0.0000208332202944472 
9 0 0.0000250001039088232 
10 0 0.0000149995707006134 
11 0 0.0000175000176134699 
12 0 0.000023332994124492 
13 0 0.0000183335152015296 
14 0 0.0000241665451951034 
15 0 0.0000250001039088232 
16 0 0.0000333327768948788 
17 0 0.0000299999494883796 
18 0 0.0000483320125058695 
19 0 0.0000541653000921682 
20 0 0.0000449986351540588 
21 0 0.0000466653085511304 
22 0 0.0000374993998274453 
23 0 0.000039165935736496 
24 0 0.0000433319923137665 
25 0 0.0000449986351540588 
26 0 0.0000458323849097386 
27 0 0.0000599981281388384 
28 0 0.0000516655120934573 
29 0 0.0000399987982981909 
30 0 0.0000516655120934573 
31 0 0.000060831181586618 
32 0 0.0000558321415637941 
33 0 0.0000633312216504756 
34 0 0.0000624981452916895 
35 0 0.0000641643056439323 
36 0 0.0000841631146032418 
37 0 0.000082496587653802 
38 0 0.000105827408531933 
39 0 0.00012665902989617 
40 0 0.000134991012402996 
41 0 0.000133324387889933 
42 0 0.000137490589173339 
43 0 0.000193314572160319 
44 0 0.000197480183529275 
45 0 0.000217476606595435 
46 0 0.000224141944852319 
47 0 0.000264131706270709 
48 0 0.000298288883166187 
49 0 0.000307452700282873 
50 0 0.000362434936167055 
51 0 0.000391590621106941 
52 0 0.000421578634647091 
53 0 0.000456563901936824 
54 0 0.000475721069613466 
55 0 0.000527362760799233 
56 0 0.000554015015893694 
57 0 0.00059066090205695 
58 0 0.000686434806111635 
59 0 0.000738065380684771 
60 0 0.000793024758492744 
61 0 0.000915423297281004 
62 0 0.00089710568253798 
63 0 0.000992852084288565 
64 0 0.00112604948719264 
65 0 0.00128919445430342 
66 0 0.00136409949507521 
67 0 0.00148060863551835 
68 0 0.00163038824906558 
69 0 0.00180261060928566 
70 0 0.00210871991908701 
71 0 0.00205382532671039 
72 0 0.00226174413627034 
73 0 0.0025868570360924 
74 0 0.00315871406943791 
75 0 0.00372035017323857 
76 0 0.00378098630052481 
77 0 0.00447520513471 
78 0 0.00454162059294749 
79 0 0.00534003257656057 
80 0 0.00606174886256805 
81 0 0.00660906027318786 
82 0 0.00700617569990836 
83 0 0.00817635796697347 
84 0 0.00892275078957239 
85 0 0.0104563632730571 
86 0 0.0113992465779619 
87 0 0.0130528798011127 
88 0 0.0136793471446566 
89 0 0.0142031934993565 
90 0 0.0170123281339049 
91 0 0.0179189503104958 
92 0 0.0196542782260152 
93 0 0.0215659000151656 
94 0 0.0240693425285402 
95 0 0.027016407557241 
96 0 0.0281419572539626 
97 0 0.0304017555686588 
98 0 0.0327409250511186 
99 0 0.0351474998322295 
100 0 0.0376079741647982 
101 0 0.0833333333333333 

death 1 M single 
1 0 0.001527922335812 
2 0 0.000117493396111668 
3 0 0.0000916628639935357 
4 0 0.000060831181586618 
5 0 0.0000408325021981071 
6 0 0.000038332247120576 
7 0 0.0000324991417722797 
8 0 0.0000341664196621405 
9 0 0.0000308327280768017 
10 0 0.000029166344928 
11 0 0.0000258328366956606 
12 0 0.0000250001039088232 
13 0 0.000031666347917958 
14 0 0.0000349992364201412 
15 0 0.0000449986351540588 
16 0 0.0000624981452916895 
17 0 0.0000916628639935357 
18 0 0.000150821713331251 
19 0 0.000183316380698795 
20 0 0.000187482368914638 
21 0 0.000173318453996263 
22 0 0.000157488008681206 
23 0 0.000135823918829381 
24 0 0.000130824925681949 
25 0 0.000121658871843011 
26 0 0.000119159730383234 
27 0 0.000106660882083109 
28 0 0.000109160514256912 
29 0 0.000117493396111668 
30 0 0.000105827408531933 
31 0 0.000117493396111668 
32 0 0.000112493742205344 
33 0 0.000134157279044644 
34 0 0.000113327276884068 
35 0 0.000145822729980871 
36 0 0.000136657667474838 
37 0 0.000174151711707426 
38 0 0.000175818250046644 
39 0 0.000188315756484148 
40 0 0.000206645534704064 
41 0 0.000226641468296762 
42 0 0.000224974833229918 
43 0 0.00025829997138338 
44 0 0.000327446573727297 
45 0 0.000348273010303157 
46 0 0.000358269287114688 
47 0 0.000465726104396214 
48 0 0.000485716296568572 
49 0 0.000580666704635968 
50 0 0.000653123536722089 
51 0 0.000673110511667963 
52 0 0.000701424664245387 
53 0 0.000837988972278381 
54 0 0.000905432025227415 
55 0 0.00103114790923375 
56 0 0.00105029513504096 
57 0 0.00119347468421782 
58 0 0.00134995055046605 
59 0 0.00146396523521775 
60 0 0.00163205202730288 
61 0 0.00183838298231687 
62 0 0.00183089576092399 
63 0 0.00214864148233662 
64 0 0.00245715470060726 
65 0 0.00265918425268818 
66 0 0.00296424528378514 
67 0 0.00283458265767855 
68 0 0.00330911613951024 
69 0 0.0035317803308712 
70 0 0.00386570617348625 
71 0 0.00425518468738673 
72 0 0.00443452462938321 
73 0 0.00497241561427608 
74 0 0.00616790666935241 
75 0 0.00657506483758485 
76 0 0.00667124447586909 
77 0 0.00775211356604177 
78 0 0.00800236063502779 
79 0 0.00894262908071597 
80 0 0.010097863683024 
81 0 0.0104530508009469 
82 0 0.0106351866261609 
83 0 0.0124644602647622 
84 0 0.0127590861386614 
85 0 0.0151714685402505 
86 0 0.0153063702583606 
87 0 0.0185350960906613 
88 0 0.0190602477464865 
89 0 0.0199575659647852 
90 0 0.0220495044827853 
91 0 0.0239297774013914 
92 0 0.0224925886451368 
93 0 0.0277104646397259 
94 0 0.031928896638557 
95 0 0.030716045925077 
96 0 0.0333223493952083 
97 0 0.0354320532011052 
98 0 0.0375815585438257 
99 0 0.0397609903931555 
100 0 0.0419599267870402 
101 0 0.0833333333333333 
