** Period (Monthly) Age-Specific Fertility Rates for Australia in 2020 
* Retrieved from the World Population Prospects 2024 
* https://population.un.org/wpp/assets/Excel%20Files/1_Indicator%20(Standard)/CSV_FILES/WPP2024_Fertility_by_Age1.csv.gz 
* United Nations. Population Division. Department of Economic and Social Affairs 
* Data downloaded on  03 Jul 2025 17:37:00 CEST 
** NB: The original WPP annual rates have been converted into monthly rates 

birth 1 F single 0 
15 0 0 
16 0 0.000106916666666667 
17 0 0.000189166666666667 
18 0 0.000477083333333333 
19 0 0.000888333333333333 
20 0 0.0015135 
21 0 0.00198808333333333 
22 0 0.00255608333333333 
23 0 0.00310741666666667 
24 0 0.00360858333333333 
25 0 0.00421833333333333 
26 0 0.00496825 
27 0 0.00569 
28 0 0.0066635 
29 0 0.00760341666666667 
30 0 0.00838391666666667 
31 0 0.0090095 
32 0 0.009731 
33 0 0.00963866666666667 
34 0 0.00928633333333333 
35 0 0.00848941666666667 
36 0 0.00783508333333333 
37 0 0.00666866666666667 
38 0 0.00540083333333333 
39 0 0.00439508333333333 
40 0 0.00345691666666667 
41 0 0.00248883333333333 
42 0 0.00169841666666667 
43 0 0.00111825 
44 0 0.000639 
45 0 0.000369916666666667 
46 0 0.000215333333333333 
47 0 0.000120583333333333 
48 0 0.0000775 
49 0 0.0000344166666666667 
50 0 0.0000689166666666667 
101 0 0 

birth 1 F married 0 
15 0 0 
16 0 0.000106916666666667 
17 0 0.000189166666666667 
18 0 0.000477083333333333 
19 0 0.000888333333333333 
20 0 0.0015135 
21 0 0.00198808333333333 
22 0 0.00255608333333333 
23 0 0.00310741666666667 
24 0 0.00360858333333333 
25 0 0.00421833333333333 
26 0 0.00496825 
27 0 0.00569 
28 0 0.0066635 
29 0 0.00760341666666667 
30 0 0.00838391666666667 
31 0 0.0090095 
32 0 0.009731 
33 0 0.00963866666666667 
34 0 0.00928633333333333 
35 0 0.00848941666666667 
36 0 0.00783508333333333 
37 0 0.00666866666666667 
38 0 0.00540083333333333 
39 0 0.00439508333333333 
40 0 0.00345691666666667 
41 0 0.00248883333333333 
42 0 0.00169841666666667 
43 0 0.00111825 
44 0 0.000639 
45 0 0.000369916666666667 
46 0 0.000215333333333333 
47 0 0.000120583333333333 
48 0 0.0000775 
49 0 0.0000344166666666667 
50 0 0.0000689166666666667 
101 0 0 
