** Period (Monthly) Age-Specific Fertility Rates for Australia in 1958 
* Retrieved from the World Population Prospects 2024 
* https://population.un.org/wpp/assets/Excel%20Files/1_Indicator%20(Standard)/CSV_FILES/WPP2024_Fertility_by_Age1.csv.gz 
* United Nations. Population Division. Department of Economic and Social Affairs 
* Data downloaded on  03 Jul 2025 17:36:45 CEST 
** NB: The original WPP annual rates have been converted into monthly rates 

birth 1 F single 0 
15 0 0 
16 0 0.0002145 
17 0 0.000965583333333333 
18 0 0.00274716666666667 
19 0 0.0057935 
20 0 0.00912575 
21 0 0.012805 
22 0 0.01638575 
23 0 0.0192569166666667 
24 0 0.020656 
25 0 0.0210199166666667 
26 0 0.0202246666666667 
27 0 0.0192690833333333 
28 0 0.0176485833333333 
29 0 0.0164984166666667 
30 0 0.0150103333333333 
31 0 0.0135245833333333 
32 0 0.01137425 
33 0 0.01039875 
34 0 0.00913408333333333 
35 0 0.008201 
36 0 0.00715008333333333 
37 0 0.00618108333333333 
38 0 0.00515608333333333 
39 0 0.00456533333333333 
40 0 0.00352525 
41 0 0.0026585 
42 0 0.00195825 
43 0 0.00154058333333333 
44 0 0.00104166666666667 
45 0 0.00057925 
46 0 0.000294916666666667 
47 0 0.000139166666666667 
48 0 0.0000658333333333333 
49 0 0.0000196666666666667 
50 0 0.00003425 
101 0 0 

birth 1 F married 0 
15 0 0 
16 0 0.0002145 
17 0 0.000965583333333333 
18 0 0.00274716666666667 
19 0 0.0057935 
20 0 0.00912575 
21 0 0.012805 
22 0 0.01638575 
23 0 0.0192569166666667 
24 0 0.020656 
25 0 0.0210199166666667 
26 0 0.0202246666666667 
27 0 0.0192690833333333 
28 0 0.0176485833333333 
29 0 0.0164984166666667 
30 0 0.0150103333333333 
31 0 0.0135245833333333 
32 0 0.01137425 
33 0 0.01039875 
34 0 0.00913408333333333 
35 0 0.008201 
36 0 0.00715008333333333 
37 0 0.00618108333333333 
38 0 0.00515608333333333 
39 0 0.00456533333333333 
40 0 0.00352525 
41 0 0.0026585 
42 0 0.00195825 
43 0 0.00154058333333333 
44 0 0.00104166666666667 
45 0 0.00057925 
46 0 0.000294916666666667 
47 0 0.000139166666666667 
48 0 0.0000658333333333333 
49 0 0.0000196666666666667 
50 0 0.00003425 
101 0 0 
