** Period (Monthly) Age-Specific Fertility Rates for Australia in 2003 
* Retrieved from the World Population Prospects 2024 
* https://population.un.org/wpp/assets/Excel%20Files/1_Indicator%20(Standard)/CSV_FILES/WPP2024_Fertility_by_Age1.csv.gz 
* United Nations. Population Division. Department of Economic and Social Affairs 
* Data downloaded on  03 Jul 2025 17:36:56 CEST 
** NB: The original WPP annual rates have been converted into monthly rates 

birth 1 F single 0 
15 0 0 
16 0 0.0002495 
17 0 0.000610833333333333 
18 0 0.00120458333333333 
19 0 0.00186633333333333 
20 0 0.00284191666666667 
21 0 0.00332358333333333 
22 0 0.00389425 
23 0 0.00447333333333333 
24 0 0.005128 
25 0 0.00600083333333333 
26 0 0.00688483333333333 
27 0 0.00787925 
28 0 0.00861241666666667 
29 0 0.00953933333333333 
30 0 0.0100870833333333 
31 0 0.0102273333333333 
32 0 0.01035325 
33 0 0.00955558333333333 
34 0 0.00892583333333333 
35 0 0.00803575 
36 0 0.00683808333333333 
37 0 0.00560775 
38 0 0.004436 
39 0 0.00343158333333333 
40 0 0.00251933333333333 
41 0 0.00174483333333333 
42 0 0.00117166666666667 
43 0 0.000708083333333333 
44 0 0.000370916666666667 
45 0 0.000193833333333333 
46 0 0.0001145 
47 0 0.0000476666666666667 
48 0 0.0000285833333333333 
49 0 0.0000095 
50 0 0.00000125 
101 0 0 

birth 1 F married 0 
15 0 0 
16 0 0.0002495 
17 0 0.000610833333333333 
18 0 0.00120458333333333 
19 0 0.00186633333333333 
20 0 0.00284191666666667 
21 0 0.00332358333333333 
22 0 0.00389425 
23 0 0.00447333333333333 
24 0 0.005128 
25 0 0.00600083333333333 
26 0 0.00688483333333333 
27 0 0.00787925 
28 0 0.00861241666666667 
29 0 0.00953933333333333 
30 0 0.0100870833333333 
31 0 0.0102273333333333 
32 0 0.01035325 
33 0 0.00955558333333333 
34 0 0.00892583333333333 
35 0 0.00803575 
36 0 0.00683808333333333 
37 0 0.00560775 
38 0 0.004436 
39 0 0.00343158333333333 
40 0 0.00251933333333333 
41 0 0.00174483333333333 
42 0 0.00117166666666667 
43 0 0.000708083333333333 
44 0 0.000370916666666667 
45 0 0.000193833333333333 
46 0 0.0001145 
47 0 0.0000476666666666667 
48 0 0.0000285833333333333 
49 0 0.0000095 
50 0 0.00000125 
101 0 0 
