** Period (Monthly) Age-Specific Fertility Rates for Australia in 1959 
* Retrieved from the World Population Prospects 2024 
* https://population.un.org/wpp/assets/Excel%20Files/1_Indicator%20(Standard)/CSV_FILES/WPP2024_Fertility_by_Age1.csv.gz 
* United Nations. Population Division. Department of Economic and Social Affairs 
* Data downloaded on  03 Jul 2025 17:36:46 CEST 
** NB: The original WPP annual rates have been converted into monthly rates 

birth 1 F single 0 
15 0 0 
16 0 0.00022725 
17 0 0.0011315 
18 0 0.00293316666666667 
19 0 0.005611 
20 0 0.00928025 
21 0 0.0130176666666667 
22 0 0.0164613333333333 
23 0 0.01935925 
24 0 0.020826 
25 0 0.0214181666666667 
26 0 0.0205291666666667 
27 0 0.01933525 
28 0 0.0180909166666667 
29 0 0.01657475 
30 0 0.01483 
31 0 0.0135233333333333 
32 0 0.0114508333333333 
33 0 0.0106473333333333 
34 0 0.008916 
35 0 0.00790083333333333 
36 0 0.00718883333333333 
37 0 0.00599491666666667 
38 0 0.00515591666666667 
39 0 0.00435108333333333 
40 0 0.00364766666666667 
41 0 0.00267591666666667 
42 0 0.0020125 
43 0 0.00150341666666667 
44 0 0.00100008333333333 
45 0 0.0005685 
46 0 0.000294916666666667 
47 0 0.000144166666666667 
48 0 0.00003675 
49 0 0.0000353333333333333 
50 0 0.0000335 
101 0 0 

birth 1 F married 0 
15 0 0 
16 0 0.00022725 
17 0 0.0011315 
18 0 0.00293316666666667 
19 0 0.005611 
20 0 0.00928025 
21 0 0.0130176666666667 
22 0 0.0164613333333333 
23 0 0.01935925 
24 0 0.020826 
25 0 0.0214181666666667 
26 0 0.0205291666666667 
27 0 0.01933525 
28 0 0.0180909166666667 
29 0 0.01657475 
30 0 0.01483 
31 0 0.0135233333333333 
32 0 0.0114508333333333 
33 0 0.0106473333333333 
34 0 0.008916 
35 0 0.00790083333333333 
36 0 0.00718883333333333 
37 0 0.00599491666666667 
38 0 0.00515591666666667 
39 0 0.00435108333333333 
40 0 0.00364766666666667 
41 0 0.00267591666666667 
42 0 0.0020125 
43 0 0.00150341666666667 
44 0 0.00100008333333333 
45 0 0.0005685 
46 0 0.000294916666666667 
47 0 0.000144166666666667 
48 0 0.00003675 
49 0 0.0000353333333333333 
50 0 0.0000335 
101 0 0 
