** Period (Monthly) Age-Specific Probabilities of Death for Australia in 1954 
* Retrieved from the World Population Prospects 2024. Single age life tables up to age 100 Medium variant 
* https://population.un.org/wpp/assets/Excel%20Files/1_Indicator%20(Standard)/CSV_FILES/WPP2024_Life_Table_Complete_Medium_Female_1950-2023.csv.gz and 
* https://population.un.org/wpp/assets/Excel%20Files/1_Indicator%20(Standard)/CSV_FILES/WPP2024_Life_Table_Complete_Medium_Male_1950-2023.csv.gz and 
* United Nations. Population Division. Department of Economic and Social Affairs 
* Data downloaded on  03 Jul 2025 17:37:03 CEST 
** NB: The original WPP annual probabilities have been converted into monthly probabilities 
** The final age interval is limited to one year [100-101) 

death 1 F single 
1 0 0.00163814573764098 
2 0 0.000207478262763794 
3 0 0.000101661823937227 
4 0 0.0000624981452916895 
5 0 0.0000533323077286374 
6 0 0.0000449986351540588 
7 0 0.0000466653085511304 
8 0 0.0000466653085511304 
9 0 0.0000424990992133889 
10 0 0.0000208332202944472 
11 0 0.0000308327280768017 
12 0 0.000031666347917958 
13 0 0.0000349992364201412 
14 0 0.0000258328366956606 
15 0 0.0000433319923137665 
16 0 0.0000466653085511304 
17 0 0.0000333327768948788 
18 0 0.0000483320125058695 
19 0 0.000049165792834871 
20 0 0.0000566651568346677 
21 0 0.0000433319923137665 
22 0 0.0000424990992133889 
23 0 0.0000458323849097386 
24 0 0.0000524984891835389 
25 0 0.0000641643056439323 
26 0 0.0000741635771550619 
27 0 0.0000683306740973944 
28 0 0.0000758307853678808 
29 0 0.0000708309204254798 
30 0 0.0000899961995437515 
31 0 0.0000866629623158532 
32 0 0.000082496587653802 
33 0 0.0000949954503661754 
34 0 0.000100828396221719 
35 0 0.00011415998482589 
36 0 0.000137490589173339 
37 0 0.000145822729980871 
38 0 0.000159154241516912 
39 0 0.000146655735667411 
40 0 0.00018664898898646 
41 0 0.000199979809025752 
42 0 0.000196647547065165 
43 0 0.00022747437958015 
44 0 0.000251635470302713 
45 0 0.000242470594736033 
46 0 0.00028579296589526 
47 0 0.000286625583478806 
48 0 0.000360769155620888 
49 0 0.000411582925715859 
50 0 0.000419912606801409 
51 0 0.000516534922102352 
52 0 0.000422411660024435 
53 0 0.000493213228920042 
54 0 0.00061814474184696 
55 0 0.00071058471777119 
56 0 0.000574004517060467 
57 0 0.000718080070435168 
58 0 0.000737232816671374 
59 0 0.000843817661163815 
60 0 0.00095455471603223 
61 0 0.00105612313304382 
62 0 0.000997014917485939 
63 0 0.00121761285753674 
64 0 0.0013299764380269 
65 0 0.00163205202730288 
66 0 0.00170610279716954 
67 0 0.001774324923843 
68 0 0.00198645239609474 
69 0 0.00214198780593688 
70 0 0.00246297528663952 
71 0 0.00285536296571465 
72 0 0.00296590701961019 
73 0 0.00333238116574741 
74 0 0.00396703093183237 
75 0 0.00440629701270534 
76 0 0.00460222121042708 
77 0 0.00508113326243753 
78 0 0.00550514166830218 
79 0 0.00694980498530318 
80 0 0.0077297396404078 
81 0 0.00774465618452247 
82 0 0.00769410567554218 
83 0 0.00930870660002903 
84 0 0.0101864570525486 
85 0 0.0128790868398534 
86 0 0.0135394897663804 
87 0 0.0149910493023698 
88 0 0.01526664390163 
89 0 0.0151681568181755 
90 0 0.0176291385822689 
91 0 0.0221332987806591 
92 0 0.0204142331839999 
93 0 0.0224685223387066 
94 0 0.0255331956309326 
95 0 0.0280514230027076 
96 0 0.0292206469496027 
97 0 0.0313017776477835 
98 0 0.0334444940638532 
99 0 0.0356394681111921 
100 0 0.0378763763133217 
101 0 0.0833333333333333 

death 1 M single 
1 0 0.00210858942393766 
2 0 0.000240804504927472 
3 0 0.000151655599556766 
4 0 0.000113327276884068 
5 0 0.0000783304039441157 
6 0 0.0000616650765675741 
7 0 0.0000616650765675741 
8 0 0.0000624981452916895 
9 0 0.0000374993998274453 
10 0 0.0000441657267835627 
11 0 0.0000441657267835627 
12 0 0.0000349992364201412 
13 0 0.000050831708836796 
14 0 0.0000616650765675741 
15 0 0.0000674975519204812 
16 0 0.0000916628639935357 
17 0 0.0000766639839228089 
18 0 0.000127491859978179 
19 0 0.000160820504897741 
20 0 0.000150821713331251 
21 0 0.000141656981421323 
22 0 0.000169985499537728 
23 0 0.000151655599556766 
24 0 0.000137490589173339 
25 0 0.000160820504897741 
26 0 0.000135823918829381 
27 0 0.00013915729007774 
28 0 0.000139990234681586 
29 0 0.000154154799892448 
30 0 0.000143322924076039 
31 0 0.000145822729980871 
32 0 0.00012665902989617 
33 0 0.000169985499537728 
34 0 0.000152488658700212 
35 0 0.000156654068946604 
36 0 0.000189149151694989 
37 0 0.000170818726694777 
38 0 0.000210810921834836 
39 0 0.00020247950326735 
40 0 0.000196647547065165 
41 0 0.000282460064057299 
42 0 0.000249969212481327 
43 0 0.000315783712874551 
44 0 0.00033327856547638 
45 0 0.000364934082582313 
46 0 0.000379928730894652 
47 0 0.000415747670816535 
48 0 0.000483218015083553 
49 0 0.000594825475471406 
50 0 0.000630637780442034 
51 0 0.000656454114076999 
52 0 0.000700591596185074 
53 0 0.000808846092132165 
54 0 0.00106777772166722 
55 0 0.00115435160800226 
56 0 0.00104530036712402 
57 0 0.001221775027198 
58 0 0.00135327971454657 
59 0 0.00170776626571101 
60 0 0.00175768535515475 
61 0 0.00179845062167172 
62 0 0.00191408325079212 
63 0 0.00218939245762784 
64 0 0.00242722200059253 
65 0 0.00269243753649584 
66 0 0.00303156479583233 
67 0 0.00300663165117576 
68 0 0.00327920323389697 
69 0 0.00385075542221847 
70 0 0.0040359599615678 
71 0 0.00460720193073982 
72 0 0.00454660148352637 
73 0 0.0055200760502423 
74 0 0.00603852592219967 
75 0 0.00696223987878242 
76 0 0.00734022242475241 
77 0 0.00795264541487162 
78 0 0.00829400546680792 
79 0 0.00961014877701771 
80 0 0.0100953796462067 
81 0 0.00998939678455424 
82 0 0.00951657227335945 
83 0 0.0120076033159173 
84 0 0.0130396378669989 
85 0 0.0156846045551767 
86 0 0.0153303719758644 
87 0 0.018213757508723 
88 0 0.0193907995137678 
89 0 0.0225025460337989 
90 0 0.0230428868413873 
91 0 0.0233251691729572 
92 0 0.0221216847960635 
93 0 0.0270647180614744 
94 0 0.0272713116535593 
95 0 0.0321903031777581 
96 0 0.0327089366023565 
97 0 0.0346764485794472 
98 0 0.0366820291931681 
99 0 0.0387177116997068 
100 0 0.0407750455216717 
101 0 0.0833333333333333 
