** Period (Monthly) Age-Specific Probabilities of Death for Australia in 2007 
* Retrieved from the World Population Prospects 2024. Single age life tables up to age 100 Medium variant 
* https://population.un.org/wpp/assets/Excel%20Files/1_Indicator%20(Standard)/CSV_FILES/WPP2024_Life_Table_Complete_Medium_Female_1950-2023.csv.gz and 
* https://population.un.org/wpp/assets/Excel%20Files/1_Indicator%20(Standard)/CSV_FILES/WPP2024_Life_Table_Complete_Medium_Male_1950-2023.csv.gz and 
* United Nations. Population Division. Department of Economic and Social Affairs 
* Data downloaded on  03 Jul 2025 17:37:35 CEST 
** NB: The original WPP annual probabilities have been converted into monthly probabilities 
** The final age interval is limited to one year [100-101) 

death 1 F single 
1 0 0.000327816237127077 
2 0 0.0000224994506968779 
3 0 0.0000141669371428454 
4 0 0.0000125000260093877 
5 0 0.00000583352049443597 
6 0 0.00000999971661719279 
7 0 0.00000750030939278279 
8 0 0.00000750030939278279 
9 0 0.00000666691112360951 
10 0 0.00000833371530217786 
11 0 0.00000416676215586609 
12 0 0.00000416676215586609 
13 0 0.00000750030939278279 
14 0 0.00000999971661719279 
15 0 0.0000158330453632338 
16 0 0.0000158330453632338 
17 0 0.0000149995707006134 
18 0 0.0000224994506968779 
19 0 0.000023332994124492 
20 0 0.0000250001039088232 
21 0 0.0000241665451951034 
22 0 0.0000216667484441713 
23 0 0.0000208332202944472 
24 0 0.0000241665451951034 
25 0 0.0000283327480117279 
26 0 0.0000224994506968779 
27 0 0.0000274999923247643 
28 0 0.0000208332202944472 
29 0 0.000031666347917958 
30 0 0.0000433319923137665 
31 0 0.0000349992364201412 
32 0 0.0000433319923137665 
33 0 0.0000358328944697339 
34 0 0.000038332247120576 
35 0 0.0000449986351540588 
36 0 0.0000449986351540588 
37 0 0.000047499073593138 
38 0 0.000050831708836796 
39 0 0.000060831181586618 
40 0 0.0000624981452916895 
41 0 0.0000708309204254798 
42 0 0.0000791636254107164 
43 0 0.0000749975944498438 
44 0 0.0000874962601642437 
45 0 0.0000833298473094102 
46 0 0.000100828396221719 
47 0 0.000112493742205344 
48 0 0.000129991230535031 
49 0 0.000127491859978179 
50 0 0.000144155906853571 
51 0 0.000157488008681206 
52 0 0.000169985499537728 
53 0 0.000179983894598057 
54 0 0.000198313662774452 
55 0 0.000220808796943528 
56 0 0.000210810921834836 
57 0 0.000228307298496433 
58 0 0.000282460064057299 
59 0 0.000294957195131618 
60 0 0.000323281691818389 
61 0 0.000439071259332957 
62 0 0.000374930518804995 
63 0 0.000467392134796407 
64 0 0.000474055724188238 
65 0 0.00051986636287793 
66 0 0.000558179586818475 
67 0 0.000637299926307011 
68 0 0.000683936876808899 
69 0 0.000767210769804683 
70 0 0.000871294915427701 
71 0 0.000915423297281004 
72 0 0.00104446751102816 
73 0 0.00117266463005083 
74 0 0.00135411202464231 
75 0 0.00146396523521775 
76 0 0.00163787676407312 
77 0 0.00184004632626666 
78 0 0.00209624440820733 
79 0 0.00248542460230461 
80 0 0.00274065220917041 
81 0 0.0031454177472735 
82 0 0.00348442550113082 
83 0 0.00406917864876266 
84 0 0.00452501697613239 
85 0 0.00545785127157994 
86 0 0.00615132015082065 
87 0 0.00710647890551575 
88 0 0.0083503426257181 
89 0 0.00919275977159395 
90 0 0.0105068643418307 
91 0 0.0117055005397885 
92 0 0.0136255558948644 
93 0 0.015921319644868 
94 0 0.0177011740076477 
95 0 0.0192342177918055 
96 0 0.0218543296414404 
97 0 0.024342580407981 
98 0 0.0269940351056588 
99 0 0.0297945326668192 
100 0 0.0327251606851918 
101 0 0.0833333333333333 

death 1 M single 
1 0 0.000384287851479592 
2 0 0.0000308327280768017 
3 0 0.000023332994124492 
4 0 0.0000183335152015296 
5 0 0.0000141669371428454 
6 0 0.00000583352049443597 
7 0 0.0000125000260093877 
8 0 0.00000583352049443597 
9 0 0.00000833371530217786 
10 0 0.00000750030939278279 
11 0 0.00000833371530217786 
12 0 0.00000750030939278279 
13 0 0.0000108331454403698 
14 0 0.0000125000260093877 
15 0 0.00000999971661719279 
16 0 0.0000208332202944472 
17 0 0.0000274999923247643 
18 0 0.0000449986351540588 
19 0 0.0000583320441455148 
20 0 0.0000591650823251744 
21 0 0.0000591650823251744 
22 0 0.0000616650765675741 
23 0 0.0000591650823251744 
24 0 0.0000749975944498438 
25 0 0.0000633312216504756 
26 0 0.0000708309204254798 
27 0 0.0000674975519204812 
28 0 0.0000774971901148502 
29 0 0.0000758307853678808 
30 0 0.0000766639839228089 
31 0 0.0000733304015181346 
32 0 0.0000849963895356298 
33 0 0.0000916628639935357 
34 0 0.0000833298473094102 
35 0 0.0000866629623158532 
36 0 0.0000974955959988089 
37 0 0.000105827408531933 
38 0 0.000104161318644547 
39 0 0.000110827530127589 
40 0 0.000123326116942768 
41 0 0.00011166021516984 
42 0 0.000131657793934314 
43 0 0.000121658871843011 
44 0 0.000144989731928336 
45 0 0.000144155906853571 
46 0 0.000178317279880047 
47 0 0.000184149730071081 
48 0 0.000215810139575057 
49 0 0.000222475355618368 
50 0 0.000226641468296762 
51 0 0.000271629603992407 
52 0 0.000271629603992407 
53 0 0.000305787091089527 
54 0 0.000303287898416049 
55 0 0.000367433297727482 
56 0 0.000381594862683521 
57 0 0.000424910781976262 
58 0 0.000458229764356721 
59 0 0.000482385269852448 
60 0 0.000569840059310378 
61 0 0.000645627666247206 
62 0 0.000623142086764616 
63 0 0.000726407658742878 
64 0 0.000837156332969324 
65 0 0.000902933958108032 
66 0 0.00098202927392621 
67 0 0.00108026445314346 
68 0 0.00121678095324063 
69 0 0.0013790797998946 
70 0 0.00147561554910414 
71 0 0.00153802641812872 
72 0 0.00174187791455438 
73 0 0.00193321589540973 
74 0 0.00211537371467707 
75 0 0.00244468254033381 
76 0 0.00273982082290514 
77 0 0.00318281307091284 
78 0 0.00340051293832011 
79 0 0.00412730777228365 
80 0 0.00455739303927705 
81 0 0.00497905510692898 
82 0 0.0055516018591758 
83 0 0.00630308396371138 
84 0 0.00721174934273761 
85 0 0.00819209935205734 
86 0 0.00905941473776539 
87 0 0.0102866385167284 
88 0 0.0115093336957113 
89 0 0.0126167394860404 
90 0 0.0138365843568109 
91 0 0.01554721219285 
92 0 0.0170653110160655 
93 0 0.0196832811043616 
94 0 0.0213370032529092 
95 0 0.0228644118810079 
96 0 0.0255055144971299 
97 0 0.0278428242168411 
98 0 0.0302871259872012 
99 0 0.0328255671249686 
100 0 0.0354428650532842 
101 0 0.0833333333333333 
