** Period (Monthly) Age-Specific Probabilities of Death for Australia in 1976 
* Retrieved from the World Population Prospects 2024. Single age life tables up to age 100 Medium variant 
* https://population.un.org/wpp/assets/Excel%20Files/1_Indicator%20(Standard)/CSV_FILES/WPP2024_Life_Table_Complete_Medium_Female_1950-2023.csv.gz and 
* https://population.un.org/wpp/assets/Excel%20Files/1_Indicator%20(Standard)/CSV_FILES/WPP2024_Life_Table_Complete_Medium_Male_1950-2023.csv.gz and 
* United Nations. Population Division. Department of Economic and Social Affairs 
* Data downloaded on  03 Jul 2025 17:37:16 CEST 
** NB: The original WPP annual probabilities have been converted into monthly probabilities 
** The final age interval is limited to one year [100-101) 

death 1 F single 
1 0 0.00101234852814858 
2 0 0.0000841631146032418 
3 0 0.0000499987470196084 
4 0 0.0000266664106883807 
5 0 0.0000258328366956606 
6 0 0.0000283327480117279 
7 0 0.000029166344928 
8 0 0.0000216667484441713 
9 0 0.0000208332202944472 
10 0 0.0000166665276674083 
11 0 0.0000166665276674083 
12 0 0.0000191661869225479 
13 0 0.0000158330453632338 
14 0 0.000023332994124492 
15 0 0.000029166344928 
16 0 0.0000299999494883796 
17 0 0.0000349992364201412 
18 0 0.000038332247120576 
19 0 0.0000516655120934573 
20 0 0.0000449986351540588 
21 0 0.0000399987982981909 
22 0 0.0000341664196621405 
23 0 0.000031666347917958 
24 0 0.0000424990992133889 
25 0 0.000049165792834871 
26 0 0.0000399987982981909 
27 0 0.000047499073593138 
28 0 0.0000374993998274453 
29 0 0.0000541653000921682 
30 0 0.0000466653085511304 
31 0 0.0000466653085511304 
32 0 0.0000591650823251744 
33 0 0.0000733304015181346 
34 0 0.0000683306740973944 
35 0 0.0000749975944498438 
36 0 0.0000924953734962042 
37 0 0.0000708309204254798 
38 0 0.0000908295279488103 
39 0 0.0000949954503661754 
40 0 0.000124992558143577 
41 0 0.00011499353478428 
42 0 0.000143322924076039 
43 0 0.000155820971626253 
44 0 0.000193314572160319 
45 0 0.000188315756484148 
46 0 0.000214143703108904 
47 0 0.000222475355618368 
48 0 0.000254968077593176 
49 0 0.000283293487041925 
50 0 0.000326613582075641 
51 0 0.000353271429551993 
52 0 0.000344108010344457 
53 0 0.000430741496539655 
54 0 0.000442403210781261 
55 0 0.000483218015083553 
56 0 0.0005107045661219 
57 0 0.000581499512432693 
58 0 0.000577335549783897 
59 0 0.000684768952520898 
60 0 0.000743061765185349 
61 0 0.000773872853641278 
62 0 0.000830495493254202 
63 0 0.00101699512834774 
64 0 0.00105778738049622 
65 0 0.00110024359022831 
66 0 0.00128836189389048 
67 0 0.00135744134133231 
68 0 0.00153719411519204 
69 0 0.00170693495219976 
70 0 0.0018500295817524 
71 0 0.00200974254160469 
72 0 0.00217109590959708 
73 0 0.00256607216670535 
74 0 0.00292518174381551 
75 0 0.00300247636314788 
76 0 0.00379427631346907 
77 0 0.00428756744714787 
78 0 0.00407499127651723 
79 0 0.00513756333171 
80 0 0.00535247859005838 
81 0 0.00605677290665585 
82 0 0.00652282758124056 
83 0 0.00736674567952744 
84 0 0.00862123696923844 
85 0 0.00968881758444595 
86 0 0.0107842000859629 
87 0 0.01283853499219 
88 0 0.0128873628018249 
89 0 0.0138034816038952 
90 0 0.0147973924422187 
91 0 0.017662258151881 
92 0 0.0179901648401624 
93 0 0.0197984598352351 
94 0 0.0219341909127405 
95 0 0.0257902413146329 
96 0 0.0261509343225252 
97 0 0.0282256680745874 
98 0 0.0303815462682494 
99 0 0.0326096820077434 
100 0 0.0348997487189687 
101 0 0.0833333333333333 

death 1 M single 
1 0 0.00125695923323665 
2 0 0.000112493742205344 
3 0 0.0000658313304726654 
4 0 0.000050831708836796 
5 0 0.000039165935736496 
6 0 0.0000449986351540588 
7 0 0.0000366657264949666 
8 0 0.0000274999923247643 
9 0 0.0000258328366956606 
10 0 0.0000199996997872764 
11 0 0.0000208332202944472 
12 0 0.0000250001039088232 
13 0 0.0000408325021981071 
14 0 0.0000333327768948788 
15 0 0.0000408325021981071 
16 0 0.0000433319923137665 
17 0 0.0000866629623158532 
18 0 0.000129991230535031 
19 0 0.000182483038966952 
20 0 0.000180817213416895 
21 0 0.000158321121281002 
22 0 0.000129991230535031 
23 0 0.000155820971626253 
24 0 0.000130824925681949 
25 0 0.000124158916488093 
26 0 0.000108327852112788 
27 0 0.00010249442502086 
28 0 0.0000933287248128245 
29 0 0.000100828396221719 
30 0 0.000103327868011815 
31 0 0.000095828824603239 
32 0 0.000116659823229059 
33 0 0.000121658871843011 
34 0 0.000116659823229059 
35 0 0.000134157279044644 
36 0 0.00013832351850418 
37 0 0.000135823918829381 
38 0 0.00016665266728999 
39 0 0.000179983894598057 
40 0 0.000189981719470489 
41 0 0.000194148013207274 
42 0 0.000242470594736033 
43 0 0.000270797123780198 
44 0 0.000327446573727297 
45 0 0.000334944678602622 
46 0 0.000354104665587163 
47 0 0.000389091578421707 
48 0 0.000493213228920042 
49 0 0.000458229764356721 
50 0 0.000616479300958317 
51 0 0.000613980777375511 
52 0 0.000697261079838585 
53 0 0.000768043608615598 
54 0 0.000854641679092105 
55 0 0.00091459078959033 
56 0 0.00102365533281268 
57 0 0.00114769278252458 
58 0 0.00120263045742763 
59 0 0.00138407350215497 
60 0 0.00154301954841285 
61 0 0.00166450222494741 
62 0 0.00173189465814583 
63 0 0.00197979782839375 
64 0 0.00219355077426719 
65 0 0.00243137925236492 
66 0 0.00272319555716505 
67 0 0.0028254395243098 
68 0 0.00311633242761344 
69 0 0.00341629897851969 
70 0 0.00385823048931511 
71 0 0.00418709569936504 
72 0 0.00431994868611729 
73 0 0.00484294084513615 
74 0 0.0054404273688029 
75 0 0.00567521303735852 
76 0 0.00694068619220667 
77 0 0.00720180281006433 
78 0 0.00749189403863548 
79 0 0.00874963316206201 
80 0 0.00927557939700352 
81 0 0.0099082510931533 
82 0 0.0100341091901157 
83 0 0.0114340106494882 
84 0 0.013421975467606 
85 0 0.0137662416582482 
86 0 0.0157375742848529 
87 0 0.0167283775119683 
88 0 0.0173426613997233 
89 0 0.0188390749687598 
90 0 0.0209970269655485 
91 0 0.0220926468816819 
92 0 0.0218122479789428 
93 0 0.0263452962422758 
94 0 0.0284050193019896 
95 0 0.0310849715952898 
96 0 0.0315060083018126 
97 0 0.0335184716154856 
98 0 0.0355765828735477 
99 0 0.0376718321487609 
100 0 0.0397950653141981 
101 0 0.0833333333333333 
