** Period (Monthly) Age-Specific Fertility Rates for Australia in 1986 
* Retrieved from the World Population Prospects 2024 
* https://population.un.org/wpp/assets/Excel%20Files/1_Indicator%20(Standard)/CSV_FILES/WPP2024_Fertility_by_Age1.csv.gz 
* United Nations. Population Division. Department of Economic and Social Affairs 
* Data downloaded on  03 Jul 2025 17:36:52 CEST 
** NB: The original WPP annual rates have been converted into monthly rates 

birth 1 F single 0 
15 0 0 
16 0 0.000443166666666667 
17 0 0.0007245 
18 0 0.00164225 
19 0 0.00267275 
20 0 0.003679 
21 0 0.00489558333333333 
22 0 0.00590641666666667 
23 0 0.00743525 
24 0 0.008797 
25 0 0.0102756666666667 
26 0 0.0112710833333333 
27 0 0.01223675 
28 0 0.0122783333333333 
29 0 0.0119536666666667 
30 0 0.01131275 
31 0 0.00998133333333333 
32 0 0.00883608333333333 
33 0 0.00728116666666667 
34 0 0.00605233333333333 
35 0 0.00481508333333333 
36 0 0.00373008333333333 
37 0 0.00289558333333333 
38 0 0.00213625 
39 0 0.00156883333333333 
40 0 0.00105141666666667 
41 0 0.000738583333333333 
42 0 0.0004895 
43 0 0.000283416666666667 
44 0 0.00017175 
45 0 0.0000945 
46 0 0.0000355833333333333 
47 0 0.00001775 
48 0 0.00000591666666666667 
49 0 0 
50 0 0.0000125 
101 0 0 

birth 1 F married 0 
15 0 0 
16 0 0.000443166666666667 
17 0 0.0007245 
18 0 0.00164225 
19 0 0.00267275 
20 0 0.003679 
21 0 0.00489558333333333 
22 0 0.00590641666666667 
23 0 0.00743525 
24 0 0.008797 
25 0 0.0102756666666667 
26 0 0.0112710833333333 
27 0 0.01223675 
28 0 0.0122783333333333 
29 0 0.0119536666666667 
30 0 0.01131275 
31 0 0.00998133333333333 
32 0 0.00883608333333333 
33 0 0.00728116666666667 
34 0 0.00605233333333333 
35 0 0.00481508333333333 
36 0 0.00373008333333333 
37 0 0.00289558333333333 
38 0 0.00213625 
39 0 0.00156883333333333 
40 0 0.00105141666666667 
41 0 0.000738583333333333 
42 0 0.0004895 
43 0 0.000283416666666667 
44 0 0.00017175 
45 0 0.0000945 
46 0 0.0000355833333333333 
47 0 0.00001775 
48 0 0.00000591666666666667 
49 0 0 
50 0 0.0000125 
101 0 0 
