** Period (Monthly) Age-Specific Probabilities of Death for Australia in 1973 
* Retrieved from the World Population Prospects 2024. Single age life tables up to age 100 Medium variant 
* https://population.un.org/wpp/assets/Excel%20Files/1_Indicator%20(Standard)/CSV_FILES/WPP2024_Life_Table_Complete_Medium_Female_1950-2023.csv.gz and 
* https://population.un.org/wpp/assets/Excel%20Files/1_Indicator%20(Standard)/CSV_FILES/WPP2024_Life_Table_Complete_Medium_Male_1950-2023.csv.gz and 
* United Nations. Population Division. Department of Economic and Social Affairs 
* Data downloaded on  03 Jul 2025 17:37:15 CEST 
** NB: The original WPP annual probabilities have been converted into monthly probabilities 
** The final age interval is limited to one year [100-101) 

death 1 F single 
1 0 0.0011392581273254 
2 0 0.000103327868011815 
3 0 0.0000499987470196084 
4 0 0.0000433319923137665 
5 0 0.0000399987982981909 
6 0 0.000029166344928 
7 0 0.000039165935736496 
8 0 0.0000224994506968779 
9 0 0.0000241665451951034 
10 0 0.0000183335152015296 
11 0 0.0000158330453632338 
12 0 0.0000191661869225479 
13 0 0.0000224994506968779 
14 0 0.0000175000176134699 
15 0 0.000029166344928 
16 0 0.0000374993998274453 
17 0 0.0000399987982981909 
18 0 0.000049165792834871 
19 0 0.0000599981281388384 
20 0 0.0000483320125058695 
21 0 0.0000399987982981909 
22 0 0.0000399987982981909 
23 0 0.0000416662137441293 
24 0 0.000038332247120576 
25 0 0.0000433319923137665 
26 0 0.0000433319923137665 
27 0 0.0000441657267835627 
28 0 0.0000449986351540588 
29 0 0.0000399987982981909 
30 0 0.0000558321415637941 
31 0 0.0000583320441455148 
32 0 0.00006916463787765 
33 0 0.0000724972335176544 
34 0 0.0000741635771550619 
35 0 0.0000674975519204812 
36 0 0.0000816633356361951 
37 0 0.0000874962601642437 
38 0 0.000103327868011815 
39 0 0.00011415998482589 
40 0 0.000120826095202364 
41 0 0.000132491504366894 
42 0 0.000122492490570281 
43 0 0.000185816451737875 
44 0 0.000197480183529275 
45 0 0.000195814083098211 
46 0 0.000223308228723851 
47 0 0.000246636788480359 
48 0 0.00028579296589526 
49 0 0.000315783712874551 
50 0 0.000406584646466923 
51 0 0.000346607489323691 
52 0 0.000331612482895149 
53 0 0.00042407773368891 
54 0 0.000474888393085626 
55 0 0.000528195918345298 
56 0 0.000553182459983037 
57 0 0.000608983936333463 
58 0 0.000660618346894681 
59 0 0.00070642155336853 
60 0 0.000833825852056491 
61 0 0.000808012879143338 
62 0 0.00091375828953022 
63 0 0.00102698519681654 
64 0 0.00112854694911868 
65 0 0.00114935702114527 
66 0 0.00132747934873145 
67 0 0.0013491182785208 
68 0 0.00155550060889242 
69 0 0.00182756773841208 
70 0 0.00190243778817822 
71 0 0.00213782929270578 
72 0 0.00216361105186347 
73 0 0.00286616816618734 
74 0 0.0032949906183658 
75 0 0.003412144763972 
76 0 0.00378430862092904 
77 0 0.00423525607650155 
78 0 0.00436478441237187 
79 0 0.00530850179923648 
80 0 0.00626078980467426 
81 0 0.00664305416314526 
82 0 0.00660988943699892 
83 0 0.00788884129196921 
84 0 0.00897658831507453 
85 0 0.0100473569212585 
86 0 0.0115250611634016 
87 0 0.0122368624217997 
88 0 0.0125190806492637 
89 0 0.0144647051932982 
90 0 0.0167523845516639 
91 0 0.0156630842084599 
92 0 0.016417129193147 
93 0 0.0208162836179502 
94 0 0.0243767659746226 
95 0 0.0230495263750295 
96 0 0.0256003413636762 
97 0 0.0275510127407015 
98 0 0.0295775103924532 
99 0 0.0316726228698145 
100 0 0.0338279156258566 
101 0 0.0833333333333333 

death 1 M single 
1 0 0.00149184429601346 
2 0 0.000119992491757204 
3 0 0.0000866629623158532 
4 0 0.0000666644373789049 
5 0 0.0000483320125058695 
6 0 0.0000433319923137665 
7 0 0.0000441657267835627 
8 0 0.0000341664196621405 
9 0 0.0000274999923247643 
10 0 0.0000324991417722797 
11 0 0.0000266664106883807 
12 0 0.0000374993998274453 
13 0 0.0000283327480117279 
14 0 0.0000341664196621405 
15 0 0.0000333327768948788 
16 0 0.0000616650765675741 
17 0 0.0000866629623158532 
18 0 0.000119159730383234 
19 0 0.000177483983980542 
20 0 0.000189981719470489 
21 0 0.000174151711707426 
22 0 0.000174151711707426 
23 0 0.000133324387889933 
24 0 0.000130824925681949 
25 0 0.000130824925681949 
26 0 0.00011499353478428 
27 0 0.00011415998482589 
28 0 0.0000883295656515237 
29 0 0.0000883295656515237 
30 0 0.000125825372957022 
31 0 0.0000991615637143672 
32 0 0.000113327276884068 
33 0 0.000135823918829381 
34 0 0.000112493742205344 
35 0 0.000128325532201545 
36 0 0.000131657793934314 
37 0 0.000145822729980871 
38 0 0.000150821713331251 
39 0 0.000188315756484148 
40 0 0.000241637546014029 
41 0 0.000203313028358298 
42 0 0.000249969212481327 
43 0 0.00032994559449373 
44 0 0.000311618529213575 
45 0 0.00032994559449373 
46 0 0.000423244693038338 
47 0 0.000432407722937178 
48 0 0.000509038579407761 
49 0 0.000534025720356324 
50 0 0.000622308897169521 
51 0 0.000644795109681517 
52 0 0.000659785652942002 
53 0 0.00086213546792302 
54 0 0.000880453603786746 
55 0 0.000953721849581313 
56 0 0.000971206068565822 
57 0 0.00117183229331064 
58 0 0.0012725480767819 
59 0 0.00143067742752845 
60 0 0.00165701405887642 
61 0 0.00180593856667566 
62 0 0.00182590462318166 
63 0 0.00207295592064549 
64 0 0.00247544739408279 
65 0 0.00265585916596134 
66 0 0.00290107800599015 
67 0 0.00275561502976174 
68 0 0.00332407283866099 
69 0 0.00364143646788351 
70 0 0.00425684494798739 
71 0 0.00389643626490499 
72 0 0.00425020234166951 
73 0 0.00588922852859997 
74 0 0.00597466154898574 
75 0 0.00600286127216165 
76 0 0.00701861025700101 
77 0 0.00717859428615475 
78 0 0.00752007185193382 
79 0 0.00905196078644366 
80 0 0.00993391998448223 
81 0 0.00988589407261575 
82 0 0.0101127674801901 
83 0 0.0116401120203163 
84 0 0.0137347939132477 
85 0 0.0135527311436834 
86 0 0.0147253921488801 
87 0 0.0160802386652359 
88 0 0.0182129292111205 
89 0 0.0184622119540541 
90 0 0.0194222841331854 
91 0 0.020951425132584 
92 0 0.0209920511993639 
93 0 0.0260548356487917 
94 0 0.0257444842487616 
95 0 0.0266916235766268 
96 0 0.0290856556537739 
97 0 0.0308207054067988 
98 0 0.0326003677062267 
99 0 0.0344193575646926 
100 0 0.0362718691671278 
101 0 0.0833333333333333 
