** Period (Monthly) Age-Specific Probabilities of Death for Australia in 1971 
* Retrieved from the World Population Prospects 2024. Single age life tables up to age 100 Medium variant 
* https://population.un.org/wpp/assets/Excel%20Files/1_Indicator%20(Standard)/CSV_FILES/WPP2024_Life_Table_Complete_Medium_Female_1950-2023.csv.gz and 
* https://population.un.org/wpp/assets/Excel%20Files/1_Indicator%20(Standard)/CSV_FILES/WPP2024_Life_Table_Complete_Medium_Male_1950-2023.csv.gz and 
* United Nations. Population Division. Department of Economic and Social Affairs 
* Data downloaded on  03 Jul 2025 17:37:13 CEST 
** NB: The original WPP annual probabilities have been converted into monthly probabilities 
** The final age interval is limited to one year [100-101) 

death 1 F single 
1 0 0.00131941438011607 
2 0 0.000119159730383234 
3 0 0.0000633312216504756 
4 0 0.0000424990992133889 
5 0 0.0000333327768948788 
6 0 0.000029166344928 
7 0 0.0000333327768948788 
8 0 0.0000258328366956606 
9 0 0.0000191661869225479 
10 0 0.0000241665451951034 
11 0 0.0000149995707006134 
12 0 0.0000125000260093877 
13 0 0.0000166665276674083 
14 0 0.0000241665451951034 
15 0 0.0000224994506968779 
16 0 0.0000408325021981071 
17 0 0.000050831708836796 
18 0 0.0000633312216504756 
19 0 0.0000708309204254798 
20 0 0.0000574981797391017 
21 0 0.0000558321415637941 
22 0 0.000060831181586618 
23 0 0.0000408325021981071 
24 0 0.0000558321415637941 
25 0 0.0000591650823251744 
26 0 0.0000458323849097386 
27 0 0.0000524984891835389 
28 0 0.0000533323077286374 
29 0 0.000050831708836796 
30 0 0.0000583320441455148 
31 0 0.0000549983000887044 
32 0 0.0000766639839228089 
33 0 0.0000591650823251744 
34 0 0.0000774971901148502 
35 0 0.0000983281589223006 
36 0 0.0000849963895356298 
37 0 0.000106660882083109 
38 0 0.000117493396111668 
39 0 0.00011415998482589 
40 0 0.000131657793934314 
41 0 0.000139990234681586 
42 0 0.000160820504897741 
43 0 0.000196647547065165 
44 0 0.000197480183529275 
45 0 0.000214977335175948 
46 0 0.000256633591375066 
47 0 0.000284959519989525 
48 0 0.000291624793218981 
49 0 0.000336610822274763 
50 0 0.00035743684951095 
51 0 0.000399920980766133 
52 0 0.000411582925715859 
53 0 0.000470723449578547 
54 0 0.000474055724188238 
55 0 0.000488215484566235 
56 0 0.000567341140858213 
57 0 0.000648959647418845 
58 0 0.00066644825774187 
59 0 0.000723909470093487 
60 0 0.000817172756379492 
61 0 0.000853809728318167 
62 0 0.000981196155485531 
63 0 0.00109941107356215 
64 0 0.00118681552208877 
65 0 0.0011576812038635 
66 0 0.00137658305176824 
67 0 0.00142734881009743 
68 0 0.00174021382064304 
69 0 0.00174603785808458 
70 0 0.00216111652098938 
71 0 0.00239146740416141 
72 0 0.00266666635824986 
73 0 0.00288362312599366 
74 0 0.00333653604727124 
75 0 0.00360156230732245 
76 0 0.00421449817004349 
77 0 0.00463459597031823 
78 0 0.00487780079472 
79 0 0.00588425139238069 
80 0 0.00644571296912289 
81 0 0.00661320527194476 
82 0 0.00677322172740757 
83 0 0.00834620021108523 
84 0 0.00932609834133968 
85 0 0.0103189284884236 
86 0 0.0119703590084472 
87 0 0.0128567433442708 
88 0 0.0137248638567909 
89 0 0.0144812567770299 
90 0 0.0155811450689078 
91 0 0.0179073585084396 
92 0 0.0182891188445661 
93 0 0.0197876874612596 
94 0 0.0217732607243105 
95 0 0.0255356921865363 
96 0 0.0259059326382359 
97 0 0.0278002137233456 
98 0 0.029764417992456 
99 0 0.0317919326279072 
100 0 0.033875085397044 
101 0 0.0833333333333333 

death 1 M single 
1 0 0.00165652692088714 
2 0 0.000122492490570281 
3 0 0.0000766639839228089 
4 0 0.0000599981281388384 
5 0 0.0000591650823251744 
6 0 0.0000441657267835627 
7 0 0.000047499073593138 
8 0 0.0000366657264949666 
9 0 0.0000283327480117279 
10 0 0.0000308327280768017 
11 0 0.000029166344928 
12 0 0.0000299999494883796 
13 0 0.0000349992364201412 
14 0 0.0000424990992133889 
15 0 0.000047499073593138 
16 0 0.0000641643056439323 
17 0 0.0000883295656515237 
18 0 0.000146655735667411 
19 0 0.000171651961490049 
20 0 0.000195814083098211 
21 0 0.000189981719470489 
22 0 0.000169985499537728 
23 0 0.000159154241516912 
24 0 0.000116659823229059 
25 0 0.000134157279044644 
26 0 0.000120826095202364 
27 0 0.000119992491757204 
28 0 0.000109160514256912 
29 0 0.00011166021516984 
30 0 0.000112493742205344 
31 0 0.000128325532201545 
32 0 0.000125825372957022 
33 0 0.000133324387889933 
34 0 0.000101661823937227 
35 0 0.000133324387889933 
36 0 0.000173318453996263 
37 0 0.000165819478322393 
38 0 0.000167485863895145 
39 0 0.000207478262763794 
40 0 0.000216642951604951 
41 0 0.000221642490145002 
42 0 0.000233306643244613 
43 0 0.00026913051462274 
44 0 0.000273296258978428 
45 0 0.000368265826905523 
46 0 0.000380761374554783 
47 0 0.000474888393085626 
48 0 0.000444902045191653 
49 0 0.000552349073287828 
50 0 0.000614813890598587 
51 0 0.000641464120475943 
52 0 0.000726407658742878 
53 0 0.000809678471972441 
54 0 0.000872127026371072 
55 0 0.00107193977472386 
56 0 0.00111522766462513 
57 0 0.0012184456140395 
58 0 0.00132581522441255 
59 0 0.00152970542713959 
60 0 0.00165701405887642 
61 0 0.00171275855267838 
62 0 0.00190326919266515 
63 0 0.00219355077426719 
64 0 0.00234157555929737 
65 0 0.00263424435578152 
66 0 0.00292351903321886 
67 0 0.00312298036775094 
68 0 0.00348276375472434 
69 0 0.00360405430753297 
70 0 0.00402682545607935 
71 0 0.00449429960053904 
72 0 0.00497656546016001 
73 0 0.00517324636727201 
74 0 0.00563539310919126 
75 0 0.00624752169714193 
76 0 0.00721672256894756 
77 0 0.00788718385220422 
78 0 0.00779686172417948 
79 0 0.00898652825182056 
80 0 0.00934349066986684 
81 0 0.00979398166998402 
82 0 0.0105532263127774 
83 0 0.0119935335437328 
84 0 0.0130247421844872 
85 0 0.0144762906873415 
86 0 0.0149587724237239 
87 0 0.0179653234199706 
88 0 0.0181268037443284 
89 0 0.0198987297655303 
90 0 0.021792339672144 
91 0 0.0216787015152676 
92 0 0.0242903459716871 
93 0 0.0250151179876122 
94 0 0.0328836575594386 
95 0 0.0304426002217115 
96 0 0.0329173931845395 
97 0 0.0350613217450571 
98 0 0.0372483955625412 
99 0 0.03946824514157 
100 0 0.0417098740291479 
101 0 0.0833333333333333 
