** Period (Monthly) Age-Specific Fertility Rates for Australia in 1971 
* Retrieved from the World Population Prospects 2024 
* https://population.un.org/wpp/assets/Excel%20Files/1_Indicator%20(Standard)/CSV_FILES/WPP2024_Fertility_by_Age1.csv.gz 
* United Nations. Population Division. Department of Economic and Social Affairs 
* Data downloaded on  03 Jul 2025 17:36:48 CEST 
** NB: The original WPP annual rates have been converted into monthly rates 

birth 1 F single 0 
15 0 0 
16 0 0.00092675 
17 0 0.001763 
18 0 0.00431333333333333 
19 0 0.00701391666666667 
20 0 0.00926766666666667 
21 0 0.0117148333333333 
22 0 0.0133668333333333 
23 0 0.0155371666666667 
24 0 0.01732775 
25 0 0.0176290833333333 
26 0 0.01844025 
27 0 0.0176355 
28 0 0.0163364166666667 
29 0 0.01498475 
30 0 0.0132139166666667 
31 0 0.011429 
32 0 0.00977083333333333 
33 0 0.00832358333333333 
34 0 0.00710791666666667 
35 0 0.00590775 
36 0 0.00507283333333333 
37 0 0.00442391666666667 
38 0 0.00366441666666667 
39 0 0.00289808333333333 
40 0 0.00236558333333333 
41 0 0.00173358333333333 
42 0 0.00132383333333333 
43 0 0.000865916666666667 
44 0 0.000521416666666667 
45 0 0.000310083333333333 
46 0 0.000166916666666667 
47 0 0.00008475 
48 0 0.0000415 
49 0 0.00001 
50 0 0.0000269166666666667 
101 0 0 

birth 1 F married 0 
15 0 0 
16 0 0.00092675 
17 0 0.001763 
18 0 0.00431333333333333 
19 0 0.00701391666666667 
20 0 0.00926766666666667 
21 0 0.0117148333333333 
22 0 0.0133668333333333 
23 0 0.0155371666666667 
24 0 0.01732775 
25 0 0.0176290833333333 
26 0 0.01844025 
27 0 0.0176355 
28 0 0.0163364166666667 
29 0 0.01498475 
30 0 0.0132139166666667 
31 0 0.011429 
32 0 0.00977083333333333 
33 0 0.00832358333333333 
34 0 0.00710791666666667 
35 0 0.00590775 
36 0 0.00507283333333333 
37 0 0.00442391666666667 
38 0 0.00366441666666667 
39 0 0.00289808333333333 
40 0 0.00236558333333333 
41 0 0.00173358333333333 
42 0 0.00132383333333333 
43 0 0.000865916666666667 
44 0 0.000521416666666667 
45 0 0.000310083333333333 
46 0 0.000166916666666667 
47 0 0.00008475 
48 0 0.0000415 
49 0 0.00001 
50 0 0.0000269166666666667 
101 0 0 
