** Period (Monthly) Age-Specific Fertility Rates for Australia in 2007 
* Retrieved from the World Population Prospects 2024 
* https://population.un.org/wpp/assets/Excel%20Files/1_Indicator%20(Standard)/CSV_FILES/WPP2024_Fertility_by_Age1.csv.gz 
* United Nations. Population Division. Department of Economic and Social Affairs 
* Data downloaded on  03 Jul 2025 17:36:57 CEST 
** NB: The original WPP annual rates have been converted into monthly rates 

birth 1 F single 0 
15 0 0 
16 0 0.000243833333333333 
17 0 0.000566 
18 0 0.00126675 
19 0 0.00200341666666667 
20 0 0.0030545 
21 0 0.00365383333333333 
22 0 0.00419583333333333 
23 0 0.00475525 
24 0 0.00540208333333333 
25 0 0.00618008333333333 
26 0 0.00719783333333333 
27 0 0.00811491666666667 
28 0 0.00907516666666667 
29 0 0.0103729166666667 
30 0 0.0110130833333333 
31 0 0.0112345833333333 
32 0 0.01164625 
33 0 0.0111916666666667 
34 0 0.0103940833333333 
35 0 0.009648 
36 0 0.00855758333333333 
37 0 0.00693741666666667 
38 0 0.00563608333333333 
39 0 0.00448133333333333 
40 0 0.00331791666666667 
41 0 0.00231541666666667 
42 0 0.00151233333333333 
43 0 0.000854416666666667 
44 0 0.000512666666666667 
45 0 0.000273416666666667 
46 0 0.000128583333333333 
47 0 0.0000685833333333333 
48 0 0.00003425 
49 0 0.0000171666666666667 
50 0 0.000001 
101 0 0 

birth 1 F married 0 
15 0 0 
16 0 0.000243833333333333 
17 0 0.000566 
18 0 0.00126675 
19 0 0.00200341666666667 
20 0 0.0030545 
21 0 0.00365383333333333 
22 0 0.00419583333333333 
23 0 0.00475525 
24 0 0.00540208333333333 
25 0 0.00618008333333333 
26 0 0.00719783333333333 
27 0 0.00811491666666667 
28 0 0.00907516666666667 
29 0 0.0103729166666667 
30 0 0.0110130833333333 
31 0 0.0112345833333333 
32 0 0.01164625 
33 0 0.0111916666666667 
34 0 0.0103940833333333 
35 0 0.009648 
36 0 0.00855758333333333 
37 0 0.00693741666666667 
38 0 0.00563608333333333 
39 0 0.00448133333333333 
40 0 0.00331791666666667 
41 0 0.00231541666666667 
42 0 0.00151233333333333 
43 0 0.000854416666666667 
44 0 0.000512666666666667 
45 0 0.000273416666666667 
46 0 0.000128583333333333 
47 0 0.0000685833333333333 
48 0 0.00003425 
49 0 0.0000171666666666667 
50 0 0.000001 
101 0 0 
