** Period (Monthly) Age-Specific Probabilities of Death for Australia in 1980 
* Retrieved from the World Population Prospects 2024. Single age life tables up to age 100 Medium variant 
* https://population.un.org/wpp/assets/Excel%20Files/1_Indicator%20(Standard)/CSV_FILES/WPP2024_Life_Table_Complete_Medium_Female_1950-2023.csv.gz and 
* https://population.un.org/wpp/assets/Excel%20Files/1_Indicator%20(Standard)/CSV_FILES/WPP2024_Life_Table_Complete_Medium_Male_1950-2023.csv.gz and 
* United Nations. Population Division. Department of Economic and Social Affairs 
* Data downloaded on  03 Jul 2025 17:37:19 CEST 
** NB: The original WPP annual probabilities have been converted into monthly probabilities 
** The final age interval is limited to one year [100-101) 

death 1 F single 
1 0 0.000796025043046433 
2 0 0.0000641643056439323 
3 0 0.0000358328944697339 
4 0 0.0000191661869225479 
5 0 0.000029166344928 
6 0 0.0000216667484441713 
7 0 0.0000208332202944472 
8 0 0.0000166665276674083 
9 0 0.0000133334777554506 
10 0 0.0000191661869225479 
11 0 0.0000183335152015296 
12 0 0.0000116665819044348 
13 0 0.00000916629543457059 
14 0 0.0000216667484441713 
15 0 0.0000258328366956606 
16 0 0.0000241665451951034 
17 0 0.000029166344928 
18 0 0.0000366657264949666 
19 0 0.0000441657267835627 
20 0 0.0000366657264949666 
21 0 0.0000458323849097386 
22 0 0.0000408325021981071 
23 0 0.000050831708836796 
24 0 0.0000274999923247643 
25 0 0.0000499987470196084 
26 0 0.0000308327280768017 
27 0 0.0000324991417722797 
28 0 0.0000449986351540588 
29 0 0.0000366657264949666 
30 0 0.000039165935736496 
31 0 0.0000483320125058695 
32 0 0.0000441657267835627 
33 0 0.0000558321415637941 
34 0 0.0000649982312016517 
35 0 0.0000549983000887044 
36 0 0.0000591650823251744 
37 0 0.0000791636254107164 
38 0 0.0000849963895356298 
39 0 0.0000674975519204812 
40 0 0.000107494363276728 
41 0 0.000121658871843011 
42 0 0.000127491859978179 
43 0 0.000133324387889933 
44 0 0.000137490589173339 
45 0 0.000159154241516912 
46 0 0.000165819478322393 
47 0 0.000201646821004209 
48 0 0.000217476606595435 
49 0 0.000218309433895225 
50 0 0.000257466777560111 
51 0 0.00027829473554819 
52 0 0.000286625583478806 
53 0 0.000346607489323691 
54 0 0.000371598530131356 
55 0 0.000390757878217074 
56 0 0.000418246609500184 
57 0 0.000508205597505307 
58 0 0.000530694598608994 
59 0 0.000565675792430054 
60 0 0.000644795109681517 
61 0 0.000683103969097099 
62 0 0.000669779323633768 
63 0 0.000818837676301754 
64 0 0.000931242393426346 
65 0 0.000920418503677634 
66 0 0.00111522766462513 
67 0 0.00116017869189389 
68 0 0.00126255968704958 
69 0 0.00144149627717505 
70 0 0.00160293055661087 
71 0 0.0018500295817524 
72 0 0.00183671881849934 
73 0 0.0022276483060294 
74 0 0.00241474967700128 
75 0 0.00268578676231601 
76 0 0.00315372782785617 
77 0 0.00335066112989224 
78 0 0.0034370694470055 
79 0 0.00408329555332032 
80 0 0.00507947279128762 
81 0 0.00524792876800961 
82 0 0.00567770158909187 
83 0 0.00679726493055888 
84 0 0.00771399435260689 
85 0 0.00855910787095993 
86 0 0.00970372337599135 
87 0 0.0104331813349942 
88 0 0.0111807189728997 
89 0 0.0120018101172322 
90 0 0.0133417022802538 
91 0 0.0145615311529644 
92 0 0.0156581185569836 
93 0 0.0177392646511534 
94 0 0.0202070225466722 
95 0 0.020583333125164 
96 0 0.0226385579007352 
97 0 0.0244743387688515 
98 0 0.0263965208356549 
99 0 0.0283997861402131 
100 0 0.0304774628486175 
101 0 0.0833333333333333 

death 1 M single 
1 0 0.00097524156076112 
2 0 0.0000841631146032418 
3 0 0.0000499987470196084 
4 0 0.000047499073593138 
5 0 0.0000324991417722797 
6 0 0.0000283327480117279 
7 0 0.0000283327480117279 
8 0 0.000023332994124492 
9 0 0.0000241665451951034 
10 0 0.0000250001039088232 
11 0 0.0000266664106883807 
12 0 0.0000208332202944472 
13 0 0.000023332994124492 
14 0 0.0000308327280768017 
15 0 0.0000299999494883796 
16 0 0.0000449986351540588 
17 0 0.0000633312216504756 
18 0 0.000124158916488093 
19 0 0.000134157279044644 
20 0 0.000163319957243613 
21 0 0.000144989731928336 
22 0 0.000142489948931956 
23 0 0.000124992558143577 
24 0 0.000112493742205344 
25 0 0.000119159730383234 
26 0 0.00011166021516984 
27 0 0.00011415998482589 
28 0 0.000108327852112788 
29 0 0.000122492490570281 
30 0 0.000095828824603239 
31 0 0.000101661823937227 
32 0 0.0000974955959988089 
33 0 0.0000874962601642437 
34 0 0.000110827530127589 
35 0 0.000117493396111668 
36 0 0.000124158916488093 
37 0 0.000125825372957022 
38 0 0.000144155906853571 
39 0 0.000149155633233922 
40 0 0.000163319957243613 
41 0 0.000198313662774452 
42 0 0.000169152280018903 
43 0 0.000250802337573464 
44 0 0.000293290978901628 
45 0 0.000261632823061686 
46 0 0.000331612482895149 
47 0 0.000384093699213994 
48 0 0.000417413622303409 
49 0 0.000396588912659812 
50 0 0.000514868828484616 
51 0 0.000593992545516842 
52 0 0.00062147655426692 
53 0 0.000662283757696835 
54 0 0.000714748912882923 
55 0 0.000835491077248562 
56 0 0.000922083633528414 
57 0 0.000944563348791005 
58 0 0.00105862035875892 
59 0 0.00118265326608702 
60 0 0.00132831226793684 
61 0 0.00145813979211673 
62 0 0.00147811163447864 
63 0 0.00170111087630553 
64 0 0.00191075643113625 
65 0 0.00210788833556474 
66 0 0.0023365861738891 
67 0 0.00251785082978329 
68 0 0.00269493127337816 
69 0 0.0029775434679834 
70 0 0.00347279391634614 
71 0 0.00361153071953846 
72 0 0.00387899471026909 
73 0 0.00453248835812814 
74 0 0.00474997780679531 
75 0 0.00523963081642909 
76 0 0.0057249864419987 
77 0 0.00625000909566786 
78 0 0.00661818059737096 
79 0 0.00765101255842771 
80 0 0.00849614833574719 
81 0 0.00966563127142872 
82 0 0.00887388127721844 
83 0 0.010562333177488 
84 0 0.010982049455255 
85 0 0.0133193572529244 
86 0 0.0132812896431491 
87 0 0.0144481537326968 
88 0 0.0139176850525176 
89 0 0.0160057454868809 
90 0 0.0170578622388029 
91 0 0.0195142491739917 
92 0 0.0204208633674486 
93 0 0.0245072350649849 
94 0 0.0266066948952814 
95 0 0.025067497014892 
96 0 0.0281178486710891 
97 0 0.0300984109854219 
98 0 0.0321414131922931 
99 0 0.0342389524344762 
100 0 0.0363821697960959 
101 0 0.0833333333333333 
