** Period (Monthly) Age-Specific Probabilities of Death for Australia in 1952 
* Retrieved from the World Population Prospects 2024. Single age life tables up to age 100 Medium variant 
* https://population.un.org/wpp/assets/Excel%20Files/1_Indicator%20(Standard)/CSV_FILES/WPP2024_Life_Table_Complete_Medium_Female_1950-2023.csv.gz and 
* https://population.un.org/wpp/assets/Excel%20Files/1_Indicator%20(Standard)/CSV_FILES/WPP2024_Life_Table_Complete_Medium_Male_1950-2023.csv.gz and 
* United Nations. Population Division. Department of Economic and Social Affairs 
* Data downloaded on  03 Jul 2025 17:37:02 CEST 
** NB: The original WPP annual probabilities have been converted into monthly probabilities 
** The final age interval is limited to one year [100-101) 

death 1 F single 
1 0 0.00175879071317619 
2 0 0.000245803701571234 
3 0 0.00011415998482589 
4 0 0.0000741635771550619 
5 0 0.0000633312216504756 
6 0 0.0000516655120934573 
7 0 0.0000541653000921682 
8 0 0.0000483320125058695 
9 0 0.0000416662137441293 
10 0 0.000038332247120576 
11 0 0.000047499073593138 
12 0 0.000031666347917958 
13 0 0.0000341664196621405 
14 0 0.0000374993998274453 
15 0 0.0000408325021981071 
16 0 0.0000408325021981071 
17 0 0.0000616650765675741 
18 0 0.0000449986351540588 
19 0 0.0000516655120934573 
20 0 0.0000449986351540588 
21 0 0.0000524984891835389 
22 0 0.0000549983000887044 
23 0 0.0000541653000921682 
24 0 0.000060831181586618 
25 0 0.0000858296721063523 
26 0 0.000082496587653802 
27 0 0.0000783304039441157 
28 0 0.0000708309204254798 
29 0 0.0000783304039441157 
30 0 0.000100828396221719 
31 0 0.0000783304039441157 
32 0 0.000105827408531933 
33 0 0.000129991230535031 
34 0 0.000117493396111668 
35 0 0.000133324387889933 
36 0 0.000140823186918437 
37 0 0.000158321121281002 
38 0 0.000143322924076039 
39 0 0.000179150583419108 
40 0 0.000180817213416895 
41 0 0.000180817213416895 
42 0 0.000224141944852319 
43 0 0.000247469883025708 
44 0 0.000251635470302713 
45 0 0.000298288883166187 
46 0 0.000301621529446461 
47 0 0.00036909920043493 
48 0 0.000367433297727482 
49 0 0.000444902045191653 
50 0 0.000435739430054705 
51 0 0.000429908394798062 
52 0 0.000519033281706216 
53 0 0.000703923074450552 
54 0 0.000560678253303859 
55 0 0.000663116474546754 
56 0 0.000647293641557689 
57 0 0.000837988972278381 
58 0 0.000803849451050831 
59 0 0.000947061719106523 
60 0 0.000980363887060243 
61 0 0.00112521673390842 
62 0 0.000999512203466391 
63 0 0.00131582773704264 
64 0 0.00151971921099558 
65 0 0.00157047862106818 
66 0 0.00178763588623976 
67 0 0.00172274225197855 
68 0 0.00208044097578441 
69 0 0.0025087044556803 
70 0 0.00264422017771204 
71 0 0.00290855859157524 
72 0 0.0028744802060553 
73 0 0.00332407283866099 
74 0 0.00379593683328805 
75 0 0.00432243955990974 
76 0 0.00487780079472 
77 0 0.00556653505754512 
78 0 0.00597963832619952 
79 0 0.00692990947916783 
80 0 0.00779023254742672 
81 0 0.00816724386943479 
82 0 0.00757394145721468 
83 0 0.0101251870221912 
84 0 0.0109754271970808 
85 0 0.0127458452607001 
86 0 0.013068602622222 
87 0 0.0162565451378277 
88 0 0.0158956610275592 
89 0 0.016777220149832 
90 0 0.0195192217303557 
91 0 0.0204042872661153 
92 0 0.020089335412261 
93 0 0.0238658149541275 
94 0 0.0279697157201169 
95 0 0.0292044471096611 
96 0 0.0305439706648509 
97 0 0.0327316509162214 
98 0 0.0349782388068415 
99 0 0.0372727516783196 
100 0 0.0396032228763853 
101 0 0.0833333333333333 

death 1 M single 
1 0 0.00229888093963204 
2 0 0.000231639885953872 
3 0 0.000149155633233922 
4 0 0.000105827408531933 
5 0 0.000082496587653802 
6 0 0.0000674975519204812 
7 0 0.0000599981281388384 
8 0 0.0000583320441455148 
9 0 0.0000624981452916895 
10 0 0.0000399987982981909 
11 0 0.0000549983000887044 
12 0 0.0000449986351540588 
13 0 0.000049165792834871 
14 0 0.0000541653000921682 
15 0 0.0000641643056439323 
16 0 0.000082496587653802 
17 0 0.0000966622064806355 
18 0 0.00013832351850418 
19 0 0.000155820971626253 
20 0 0.000177483983980542 
21 0 0.000164153123299315 
22 0 0.000194981461896671 
23 0 0.000189149151694989 
24 0 0.000142489948931956 
25 0 0.000156654068946604 
26 0 0.000155820971626253 
27 0 0.000165819478322393 
28 0 0.00016665266728999 
29 0 0.000139990234681586 
30 0 0.000144155906853571 
31 0 0.000127491859978179 
32 0 0.00016665266728999 
33 0 0.000164986296992242 
34 0 0.000148322604637041 
35 0 0.000176651530674921 
36 0 0.000211644523334331 
37 0 0.000168319068138079 
38 0 0.000207478262763794 
39 0 0.000229140225045943 
40 0 0.00027662882477042 
41 0 0.000257466777560111 
42 0 0.000284959519989525 
43 0 0.000358269287114688 
44 0 0.000341608600108345 
45 0 0.000368265826905523 
46 0 0.000452398960748779 
47 0 0.000488215484566235 
48 0 0.000554848417869791 
49 0 0.000622308897169521 
50 0 0.000662283757696835 
51 0 0.000686434806111635 
52 0 0.000867964023889778 
53 0 0.00106777772166722 
54 0 0.000930409740725224 
55 0 0.00113853579607781 
56 0 0.00108942146884128 
57 0 0.00145148235865789 
58 0 0.00134995055046605 
59 0 0.00170027877467616 
60 0 0.00189994191852549 
61 0 0.00199809757338476 
62 0 0.00187415415038206 
63 0 0.00248209902973695 
64 0 0.00263008808722742 
65 0 0.00296923230474444 
66 0 0.00302325384703539 
67 0 0.0032800343986118 
68 0 0.0038042433651666 
69 0 0.00398530186333501 
70 0 0.00433157335030432 
71 0 0.00437059593980382 
72 0 0.00463210613736309 
73 0 0.00579300772474745 
74 0 0.00614800249902059 
75 0 0.00631883970093694 
76 0 0.0070161232085536 
77 0 0.00812167443375333 
78 0 0.00813907378965073 
79 0 0.00913892569185504 
80 0 0.00991156309679375 
81 0 0.0101574778370492 
82 0 0.0106103505148375 
83 0 0.0131240507557506 
84 0 0.0124222507973855 
85 0 0.0158708295475816 
86 0 0.0150481528460512 
87 0 0.0181524750640712 
88 0 0.0180721477288013 
89 0 0.021828008076704 
90 0 0.0215542878808475 
91 0 0.0229980568648028 
92 0 0.0222361833115535 
93 0 0.0275846133324933 
94 0 0.0291343232904798 
95 0 0.0314230991194172 
96 0 0.0328933667083576 
97 0 0.0349811829043457 
98 0 0.0371103121767065 
99 0 0.0392711972264381 
100 0 0.0414536994184674 
101 0 0.0833333333333333 
