** Period (Monthly) Age-Specific Fertility Rates for Australia in 1993 
* Retrieved from the World Population Prospects 2024 
* https://population.un.org/wpp/assets/Excel%20Files/1_Indicator%20(Standard)/CSV_FILES/WPP2024_Fertility_by_Age1.csv.gz 
* United Nations. Population Division. Department of Economic and Social Affairs 
* Data downloaded on  03 Jul 2025 17:36:53 CEST 
** NB: The original WPP annual rates have been converted into monthly rates 

birth 1 F single 0 
15 0 0 
16 0 0.000409916666666667 
17 0 0.0007195 
18 0 0.00160625 
19 0 0.00245125 
20 0 0.00347191666666667 
21 0 0.00435808333333333 
22 0 0.00488408333333333 
23 0 0.00576066666666667 
24 0 0.00682933333333333 
25 0 0.00799816666666667 
26 0 0.00937183333333333 
27 0 0.01052875 
28 0 0.0109698333333333 
29 0 0.0115690833333333 
30 0 0.0114941666666667 
31 0 0.01109525 
32 0 0.01003575 
33 0 0.00886783333333333 
34 0 0.00754141666666667 
35 0 0.0063735 
36 0 0.00510358333333333 
37 0 0.0041215 
38 0 0.00297991666666667 
39 0 0.00236716666666667 
40 0 0.00163683333333333 
41 0 0.0011405 
42 0 0.000687666666666667 
43 0 0.000427666666666667 
44 0 0.000251583333333333 
45 0 0.000117416666666667 
46 0 0.0000411666666666667 
47 0 0.0000205833333333333 
48 0 0.00001375 
49 0 0.00000683333333333333 
50 0 0.00000908333333333333 
101 0 0 

birth 1 F married 0 
15 0 0 
16 0 0.000409916666666667 
17 0 0.0007195 
18 0 0.00160625 
19 0 0.00245125 
20 0 0.00347191666666667 
21 0 0.00435808333333333 
22 0 0.00488408333333333 
23 0 0.00576066666666667 
24 0 0.00682933333333333 
25 0 0.00799816666666667 
26 0 0.00937183333333333 
27 0 0.01052875 
28 0 0.0109698333333333 
29 0 0.0115690833333333 
30 0 0.0114941666666667 
31 0 0.01109525 
32 0 0.01003575 
33 0 0.00886783333333333 
34 0 0.00754141666666667 
35 0 0.0063735 
36 0 0.00510358333333333 
37 0 0.0041215 
38 0 0.00297991666666667 
39 0 0.00236716666666667 
40 0 0.00163683333333333 
41 0 0.0011405 
42 0 0.000687666666666667 
43 0 0.000427666666666667 
44 0 0.000251583333333333 
45 0 0.000117416666666667 
46 0 0.0000411666666666667 
47 0 0.0000205833333333333 
48 0 0.00001375 
49 0 0.00000683333333333333 
50 0 0.00000908333333333333 
101 0 0 
