** Period (Monthly) Age-Specific Fertility Rates for Australia in 1992 
* Retrieved from the World Population Prospects 2024 
* https://population.un.org/wpp/assets/Excel%20Files/1_Indicator%20(Standard)/CSV_FILES/WPP2024_Fertility_by_Age1.csv.gz 
* United Nations. Population Division. Department of Economic and Social Affairs 
* Data downloaded on  03 Jul 2025 17:36:53 CEST 
** NB: The original WPP annual rates have been converted into monthly rates 

birth 1 F single 0 
15 0 0 
16 0 0.000437583333333333 
17 0 0.000749583333333333 
18 0 0.00160741666666667 
19 0 0.00260691666666667 
20 0 0.00363133333333333 
21 0 0.00439483333333333 
22 0 0.00505825 
23 0 0.00603666666666667 
24 0 0.00735516666666667 
25 0 0.00850775 
26 0 0.00966216666666667 
27 0 0.0106484166666667 
28 0 0.0114759166666667 
29 0 0.0117266666666667 
30 0 0.0116681666666667 
31 0 0.0109295 
32 0 0.00981233333333333 
33 0 0.00876191666666667 
34 0 0.0076365 
35 0 0.00628591666666667 
36 0 0.00515116666666667 
37 0 0.00394058333333333 
38 0 0.00303058333333333 
39 0 0.00219575 
40 0 0.00157791666666667 
41 0 0.00112666666666667 
42 0 0.000667666666666667 
43 0 0.000400583333333333 
44 0 0.000233666666666667 
45 0 0.000125166666666667 
46 0 0.0000428333333333333 
47 0 0.0000160833333333333 
48 0 0.0000106666666666667 
49 0 0.00000533333333333333 
50 0 0.00000883333333333333 
101 0 0 

birth 1 F married 0 
15 0 0 
16 0 0.000437583333333333 
17 0 0.000749583333333333 
18 0 0.00160741666666667 
19 0 0.00260691666666667 
20 0 0.00363133333333333 
21 0 0.00439483333333333 
22 0 0.00505825 
23 0 0.00603666666666667 
24 0 0.00735516666666667 
25 0 0.00850775 
26 0 0.00966216666666667 
27 0 0.0106484166666667 
28 0 0.0114759166666667 
29 0 0.0117266666666667 
30 0 0.0116681666666667 
31 0 0.0109295 
32 0 0.00981233333333333 
33 0 0.00876191666666667 
34 0 0.0076365 
35 0 0.00628591666666667 
36 0 0.00515116666666667 
37 0 0.00394058333333333 
38 0 0.00303058333333333 
39 0 0.00219575 
40 0 0.00157791666666667 
41 0 0.00112666666666667 
42 0 0.000667666666666667 
43 0 0.000400583333333333 
44 0 0.000233666666666667 
45 0 0.000125166666666667 
46 0 0.0000428333333333333 
47 0 0.0000160833333333333 
48 0 0.0000106666666666667 
49 0 0.00000533333333333333 
50 0 0.00000883333333333333 
101 0 0 
