** Period (Monthly) Age-Specific Probabilities of Death for Australia in 1956 
* Retrieved from the World Population Prospects 2024. Single age life tables up to age 100 Medium variant 
* https://population.un.org/wpp/assets/Excel%20Files/1_Indicator%20(Standard)/CSV_FILES/WPP2024_Life_Table_Complete_Medium_Female_1950-2023.csv.gz and 
* https://population.un.org/wpp/assets/Excel%20Files/1_Indicator%20(Standard)/CSV_FILES/WPP2024_Life_Table_Complete_Medium_Male_1950-2023.csv.gz and 
* United Nations. Population Division. Department of Economic and Social Affairs 
* Data downloaded on  03 Jul 2025 17:37:04 CEST 
** NB: The original WPP annual probabilities have been converted into monthly probabilities 
** The final age interval is limited to one year [100-101) 

death 1 F single 
1 0 0.00165866983838381 
2 0 0.000164153123299315 
3 0 0.00011166021516984 
4 0 0.0000716640731535101 
5 0 0.0000616650765675741 
6 0 0.000039165935736496 
7 0 0.0000299999494883796 
8 0 0.0000324991417722797 
9 0 0.0000266664106883807 
10 0 0.0000208332202944472 
11 0 0.0000199996997872764 
12 0 0.0000399987982981909 
13 0 0.0000374993998274453 
14 0 0.0000216667484441713 
15 0 0.0000308327280768017 
16 0 0.0000441657267835627 
17 0 0.0000449986351540588 
18 0 0.0000308327280768017 
19 0 0.0000516655120934573 
20 0 0.0000533323077286374 
21 0 0.0000533323077286374 
22 0 0.0000649982312016517 
23 0 0.000047499073593138 
24 0 0.0000591650823251744 
25 0 0.0000583320441455148 
26 0 0.0000574981797391017 
27 0 0.0000749975944498438 
28 0 0.000060831181586618 
29 0 0.0000716640731535101 
30 0 0.0000674975519204812 
31 0 0.0000816633356361951 
32 0 0.0000808300912565896 
33 0 0.0000858296721063523 
34 0 0.0000991615637143672 
35 0 0.0000899961995437515 
36 0 0.000101661823937227 
37 0 0.000121658871843011 
38 0 0.000142489948931956 
39 0 0.000142489948931956 
40 0 0.000159154241516912 
41 0 0.000163319957243613 
42 0 0.000184983087084145 
43 0 0.000241637546014029 
44 0 0.000194148013207274 
45 0 0.000197480183529275 
46 0 0.00026913051462274 
47 0 0.000325780598059211 
48 0 0.000265798223763714 
49 0 0.000359935858477933 
50 0 0.000433240847593219 
51 0 0.000484883528441449 
52 0 0.000404918893494144 
53 0 0.000524864172158135 
54 0 0.000482385269852448 
55 0 0.000556513567851802 
56 0 0.000641464120475943 
57 0 0.000744727847882598 
58 0 0.000691431710474477 
59 0 0.000811344095343003 
60 0 0.000866299044583685 
61 0 0.00100450698144516 
62 0 0.000942065889216748 
63 0 0.00112688140438055 
64 0 0.00137408637230574 
65 0 0.00151139820336577 
66 0 0.00170610279716954 
67 0 0.00181092945644012 
68 0 0.00199976044027661 
69 0 0.00222515372153265 
70 0 0.00243803108041674 
71 0 0.00287281756508084 
72 0 0.00281380195468239 
73 0 0.00339885100007098 
74 0 0.00398530186333501 
75 0 0.00444946882871333 
76 0 0.00472424576757957 
77 0 0.00563954068040462 
78 0 0.00539064584834037 
79 0 0.00656511562612694 
80 0 0.00772559568609454 
81 0 0.00813907378965073 
82 0 0.00849200653790472 
83 0 0.00919358812602789 
84 0 0.0107080390956821 
85 0 0.012728465314825 
86 0 0.0134823881521174 
87 0 0.0162631659288824 
88 0 0.0158493110611453 
89 0 0.0173418330619384 
90 0 0.0185251580260186 
91 0 0.0205708995290115 
92 0 0.0198407208809798 
93 0 0.0230719418328333 
94 0 0.0253194496052006 
95 0 0.0282915873146038 
96 0 0.0292963741547436 
97 0 0.0312733160434944 
98 0 0.0333059034487793 
99 0 0.0353861821027542 
100 0 0.0375053833042924 
101 0 0.0833333333333333 

death 1 M single 
1 0 0.00200232124674626 
2 0 0.00020081331119326 
3 0 0.00011415998482589 
4 0 0.0000849963895356298 
5 0 0.0000749975944498438 
6 0 0.0000549983000887044 
7 0 0.0000399987982981909 
8 0 0.0000533323077286374 
9 0 0.0000408325021981071 
10 0 0.0000441657267835627 
11 0 0.000039165935736496 
12 0 0.0000441657267835627 
13 0 0.0000516655120934573 
14 0 0.0000408325021981071 
15 0 0.0000591650823251744 
16 0 0.0000749975944498438 
17 0 0.000082496587653802 
18 0 0.000122492490570281 
19 0 0.000109994018370752 
20 0 0.000140823186918437 
21 0 0.000167485863895145 
22 0 0.000141656981421323 
23 0 0.000155820971626253 
24 0 0.000144155906853571 
25 0 0.000162486798824801 
26 0 0.000139990234681586 
27 0 0.000122492490570281 
28 0 0.00013832351850418 
29 0 0.000149988669465251 
30 0 0.000116659823229059 
31 0 0.000140823186918437 
32 0 0.000145822729980871 
33 0 0.00016665266728999 
34 0 0.000134991012402996 
35 0 0.000174151711707426 
36 0 0.000167485863895145 
37 0 0.000160820504897741 
38 0 0.000197480183529275 
39 0 0.000218309433895225 
40 0 0.00022997399467295 
41 0 0.000265798223763714 
42 0 0.000277461358401787 
43 0 0.00034993939835537 
44 0 0.000296622605853059 
45 0 0.000342441729215825 
46 0 0.000429908394798062 
47 0 0.000403253171055162 
48 0 0.000493213228920042 
49 0 0.000544853128714662 
50 0 0.000628138867463712 
51 0 0.000623142086764616 
52 0 0.000795523167307688 
53 0 0.000907930161054726 
54 0 0.00090459960911049 
55 0 0.000984526147868814 
56 0 0.00113770377211231 
57 0 0.00135078283004109 
58 0 0.00131166632640078 
59 0 0.0016204036750801 
60 0 0.00170527064976955 
61 0 0.00195983449873571 
62 0 0.00192739260054575 
63 0 0.00233076514363029 
64 0 0.00262759355973852 
65 0 0.00271321962850479 
66 0 0.00305234119347986 
67 0 0.00305234119347986 
68 0 0.00326341600809932 
69 0 0.00400108043176817 
70 0 0.00421200677291789 
71 0 0.00454162059294749 
72 0 0.00463210613736309 
73 0 0.00571834964691098 
74 0 0.0062881562963697 
75 0 0.00687353690505521 
76 0 0.00740072682796433 
77 0 0.00831968887878176 
78 0 0.00796673166007111 
79 0 0.00947682234270963 
80 0 0.00989003446240466 
81 0 0.0111898245366627 
82 0 0.0114571872333697 
83 0 0.0126142567142701 
84 0 0.0138307913425423 
85 0 0.0163542190775448 
86 0 0.0172764267111178 
87 0 0.0200321518024974 
88 0 0.0207317212006071 
89 0 0.0211869063061038 
90 0 0.0221482341902768 
91 0 0.0237719566008394 
92 0 0.0238923983956552 
93 0 0.0299035027228722 
94 0 0.0306441211512747 
95 0 0.0306156893550992 
96 0 0.0334359873119624 
97 0 0.0353239522362797 
98 0 0.0372441825206915 
99 0 0.0391896486187538 
100 0 0.0411529507989027 
101 0 0.0833333333333333 
