** Period (Monthly) Age-Specific Fertility Rates for Australia in 1961 
* Retrieved from the World Population Prospects 2024 
* https://population.un.org/wpp/assets/Excel%20Files/1_Indicator%20(Standard)/CSV_FILES/WPP2024_Fertility_by_Age1.csv.gz 
* United Nations. Population Division. Department of Economic and Social Affairs 
* Data downloaded on  03 Jul 2025 17:36:46 CEST 
** NB: The original WPP annual rates have been converted into monthly rates 

birth 1 F single 0 
15 0 0 
16 0 0.000240416666666667 
17 0 0.00122558333333333 
18 0 0.003142 
19 0 0.00616075 
20 0 0.00926483333333333 
21 0 0.013263 
22 0 0.0172015833333333 
23 0 0.0201401666666667 
24 0 0.0215593333333333 
25 0 0.0216115833333333 
26 0 0.0214093333333333 
27 0 0.0198883333333333 
28 0 0.01858775 
29 0 0.01684625 
30 0 0.0152445 
31 0 0.0139199166666667 
32 0 0.0121285 
33 0 0.01082575 
34 0 0.009416 
35 0 0.00828758333333333 
36 0 0.00700025 
37 0 0.00609341666666667 
38 0 0.00541616666666667 
39 0 0.00431133333333333 
40 0 0.00354841666666667 
41 0 0.00280658333333333 
42 0 0.00199375 
43 0 0.00147991666666667 
44 0 0.000990583333333333 
45 0 0.000574416666666667 
46 0 0.000272416666666667 
47 0 0.00013225 
48 0 0.0000668333333333333 
49 0 0.0000194166666666667 
50 0 0.0000310833333333333 
101 0 0 

birth 1 F married 0 
15 0 0 
16 0 0.000240416666666667 
17 0 0.00122558333333333 
18 0 0.003142 
19 0 0.00616075 
20 0 0.00926483333333333 
21 0 0.013263 
22 0 0.0172015833333333 
23 0 0.0201401666666667 
24 0 0.0215593333333333 
25 0 0.0216115833333333 
26 0 0.0214093333333333 
27 0 0.0198883333333333 
28 0 0.01858775 
29 0 0.01684625 
30 0 0.0152445 
31 0 0.0139199166666667 
32 0 0.0121285 
33 0 0.01082575 
34 0 0.009416 
35 0 0.00828758333333333 
36 0 0.00700025 
37 0 0.00609341666666667 
38 0 0.00541616666666667 
39 0 0.00431133333333333 
40 0 0.00354841666666667 
41 0 0.00280658333333333 
42 0 0.00199375 
43 0 0.00147991666666667 
44 0 0.000990583333333333 
45 0 0.000574416666666667 
46 0 0.000272416666666667 
47 0 0.00013225 
48 0 0.0000668333333333333 
49 0 0.0000194166666666667 
50 0 0.0000310833333333333 
101 0 0 
