** Period (Monthly) Age-Specific Fertility Rates for Australia in 2010 
* Retrieved from the World Population Prospects 2024 
* https://population.un.org/wpp/assets/Excel%20Files/1_Indicator%20(Standard)/CSV_FILES/WPP2024_Fertility_by_Age1.csv.gz 
* United Nations. Population Division. Department of Economic and Social Affairs 
* Data downloaded on  03 Jul 2025 17:36:57 CEST 
** NB: The original WPP annual rates have been converted into monthly rates 

birth 1 F single 0 
15 0 0 
16 0 0.000249583333333333 
17 0 0.000599583333333333 
18 0 0.0011715 
19 0 0.00195558333333333 
20 0 0.00302566666666667 
21 0 0.00343316666666667 
22 0 0.00390725 
23 0 0.00457458333333333 
24 0 0.00514533333333333 
25 0 0.00593558333333333 
26 0 0.006632 
27 0 0.00773158333333333 
28 0 0.00873591666666667 
29 0 0.0098355 
30 0 0.0105195 
31 0 0.0107338333333333 
32 0 0.0111964166666667 
33 0 0.0110936666666667 
34 0 0.0102798333333333 
35 0 0.00949166666666667 
36 0 0.00836108333333333 
37 0 0.0071655 
38 0 0.00588625 
39 0 0.00461533333333333 
40 0 0.00345316666666667 
41 0 0.00257858333333333 
42 0 0.00170483333333333 
43 0 0.00107083333333333 
44 0 0.000599666666666667 
45 0 0.000299833333333333 
46 0 0.00018075 
47 0 0.0000760833333333333 
48 0 0.0000475833333333333 
49 0 0.000019 
50 0 0.00000141666666666667 
101 0 0 

birth 1 F married 0 
15 0 0 
16 0 0.000249583333333333 
17 0 0.000599583333333333 
18 0 0.0011715 
19 0 0.00195558333333333 
20 0 0.00302566666666667 
21 0 0.00343316666666667 
22 0 0.00390725 
23 0 0.00457458333333333 
24 0 0.00514533333333333 
25 0 0.00593558333333333 
26 0 0.006632 
27 0 0.00773158333333333 
28 0 0.00873591666666667 
29 0 0.0098355 
30 0 0.0105195 
31 0 0.0107338333333333 
32 0 0.0111964166666667 
33 0 0.0110936666666667 
34 0 0.0102798333333333 
35 0 0.00949166666666667 
36 0 0.00836108333333333 
37 0 0.0071655 
38 0 0.00588625 
39 0 0.00461533333333333 
40 0 0.00345316666666667 
41 0 0.00257858333333333 
42 0 0.00170483333333333 
43 0 0.00107083333333333 
44 0 0.000599666666666667 
45 0 0.000299833333333333 
46 0 0.00018075 
47 0 0.0000760833333333333 
48 0 0.0000475833333333333 
49 0 0.000019 
50 0 0.00000141666666666667 
101 0 0 
