** Period (Monthly) Age-Specific Probabilities of Death for Australia in 1960 
* Retrieved from the World Population Prospects 2024. Single age life tables up to age 100 Medium variant 
* https://population.un.org/wpp/assets/Excel%20Files/1_Indicator%20(Standard)/CSV_FILES/WPP2024_Life_Table_Complete_Medium_Female_1950-2023.csv.gz and 
* https://population.un.org/wpp/assets/Excel%20Files/1_Indicator%20(Standard)/CSV_FILES/WPP2024_Life_Table_Complete_Medium_Male_1950-2023.csv.gz and 
* United Nations. Population Division. Department of Economic and Social Affairs 
* Data downloaded on  03 Jul 2025 17:37:07 CEST 
** NB: The original WPP annual probabilities have been converted into monthly probabilities 
** The final age interval is limited to one year [100-101) 

death 1 F single 
1 0 0.00148782559182614 
2 0 0.000164153123299315 
3 0 0.0000949954503661754 
4 0 0.0000591650823251744 
5 0 0.000050831708836796 
6 0 0.0000374993998274453 
7 0 0.0000416662137441293 
8 0 0.0000399987982981909 
9 0 0.0000266664106883807 
10 0 0.0000224994506968779 
11 0 0.0000224994506968779 
12 0 0.0000324991417722797 
13 0 0.0000241665451951034 
14 0 0.0000208332202944472 
15 0 0.000031666347917958 
16 0 0.0000358328944697339 
17 0 0.0000466653085511304 
18 0 0.0000483320125058695 
19 0 0.0000541653000921682 
20 0 0.0000341664196621405 
21 0 0.0000349992364201412 
22 0 0.0000583320441455148 
23 0 0.0000449986351540588 
24 0 0.0000566651568346677 
25 0 0.0000424990992133889 
26 0 0.0000433319923137665 
27 0 0.0000441657267835627 
28 0 0.0000574981797391017 
29 0 0.0000816633356361951 
30 0 0.0000666644373789049 
31 0 0.00006916463787765 
32 0 0.0000791636254107164 
33 0 0.0000683306740973944 
34 0 0.0000999949761474328 
35 0 0.000095828824603239 
36 0 0.000103327868011815 
37 0 0.000123326116942768 
38 0 0.000124992558143577 
39 0 0.000133324387889933 
40 0 0.000149988669465251 
41 0 0.000180817213416895 
42 0 0.000184983087084145 
43 0 0.00023247284304484 
44 0 0.000209144577024478 
45 0 0.000214143703108904 
46 0 0.000283293487041925 
47 0 0.000286625583478806 
48 0 0.000320782018008337 
49 0 0.000361601623749541 
50 0 0.000389924306042122 
51 0 0.000374930518804995 
52 0 0.000405751766163753 
53 0 0.000464060104541919 
54 0 0.000497377527620024 
55 0 0.000553182459983037 
56 0 0.000528195918345298 
57 0 0.000687267744362119 
58 0 0.000660618346894681 
59 0 0.000736400260288428 
60 0 0.000899603589362252 
61 0 0.00105445807302929 
62 0 0.000870461970753023 
63 0 0.00113270841325819 
64 0 0.00122510456244496 
65 0 0.00138989842502002 
66 0 0.00166200610094247 
67 0 0.00161624354800216 
68 0 0.00183172736046855 
69 0 0.00212701753853217 
70 0 0.00226174413627034 
71 0 0.00252699641281484 
72 0 0.0024646381351946 
73 0 0.00315788315392773 
74 0 0.00340549807079438 
75 0 0.00393048794202533 
76 0 0.00425269391691452 
77 0 0.00494585723563568 
78 0 0.00513258419207474 
79 0 0.00602442651934609 
80 0 0.00637522906688548 
81 0 0.00742310432338245 
82 0 0.00733773643868252 
83 0 0.00878939309666549 
84 0 0.00955880618672977 
85 0 0.0109365202266679 
86 0 0.0122021020489208 
87 0 0.0126366022158927 
88 0 0.0146169788245202 
89 0 0.0153609937777882 
90 0 0.0154338256079143 
91 0 0.0197769153512669 
92 0 0.0207466445647692 
93 0 0.0232936163621162 
94 0 0.0252737119229143 
95 0 0.0260398584372715 
96 0 0.0286252772329674 
97 0 0.0308586989543318 
98 0 0.0331663257841542 
99 0 0.0355365777514248 
100 0 0.0379564888213997 
101 0 0.0833333333333333 

death 1 M single 
1 0 0.00188129867611919 
2 0 0.000160820504897741 
3 0 0.000100828396221719 
4 0 0.0000799968545148744 
5 0 0.0000466653085511304 
6 0 0.000050831708836796 
7 0 0.0000583320441455148 
8 0 0.0000433319923137665 
9 0 0.0000416662137441293 
10 0 0.0000358328944697339 
11 0 0.0000324991417722797 
12 0 0.0000433319923137665 
13 0 0.0000424990992133889 
14 0 0.0000516655120934573 
15 0 0.0000399987982981909 
16 0 0.00006916463787765 
17 0 0.0000899961995437515 
18 0 0.0000924953734962042 
19 0 0.000142489948931956 
20 0 0.000159154241516912 
21 0 0.000162486798824801 
22 0 0.000129158377552785 
23 0 0.000122492490570281 
24 0 0.000109160514256912 
25 0 0.000134991012402996 
26 0 0.000108327852112788 
27 0 0.000134991012402996 
28 0 0.000122492490570281 
29 0 0.000118326142219627 
30 0 0.00013915729007774 
31 0 0.000120826095202364 
32 0 0.000127491859978179 
33 0 0.000122492490570281 
34 0 0.000174151711707426 
35 0 0.00016665266728999 
36 0 0.000169152280018903 
37 0 0.000167485863895145 
38 0 0.000168319068138079 
39 0 0.00018664898898646 
40 0 0.000217476606595435 
41 0 0.000242470594736033 
42 0 0.00023413961561114 
43 0 0.000373264509197058 
44 0 0.000330779453058483 
45 0 0.000331612482895149 
46 0 0.000378262629652681 
47 0 0.000402419484254457 
48 0 0.000479886242203853 
49 0 0.000534025720356324 
50 0 0.000632302641744964 
51 0 0.00070725383504866 
52 0 0.000743061765185349 
53 0 0.000817172756379492 
54 0 0.00087712321778799 
55 0 0.00104946307615106 
56 0 0.00102781789259832 
57 0 0.0012692184914429 
58 0 0.00138573784857121 
59 0 0.00152221566203559 
60 0 0.00179345956821164 
61 0 0.00199310660009322 
62 0 0.0017926274693415 
63 0 0.00212618578726276 
64 0 0.0024130860313899 
65 0 0.00279883984118934 
66 0 0.00311633242761344 
67 0 0.003072287051745 
68 0 0.00351350276940354 
69 0 0.00374526949831611 
70 0 0.00413727230187511 
71 0 0.00445528054472921 
72 0 0.0045490915935279 
73 0 0.00549103756672953 
74 0 0.00569429279769063 
75 0 0.00643078676414288 
76 0 0.00673757197352243 
77 0 0.00769742075540136 
78 0 0.0075490790945576 
79 0 0.00869578975518281 
80 0 0.00926232841875785 
81 0 0.00975340737808494 
82 0 0.00971034731515263 
83 0 0.0116591493266442 
84 0 0.0124859771883729 
85 0 0.0152492636735311 
86 0 0.0148362883511115 
87 0 0.0172126770788702 
88 0 0.0176125778295206 
89 0 0.0177218759428172 
90 0 0.0201332595234452 
91 0 0.0240602035425884 
92 0 0.0227648064531879 
93 0 0.0282557259901677 
94 0 0.0353946817763431 
95 0 0.0311853897909071 
96 0 0.0345608859556071 
97 0 0.037055989367587 
98 0 0.0395951985647331 
99 0 0.0421620649378867 
100 0 0.0447394405529405 
101 0 0.0833333333333333 
