** Period (Monthly) Age-Specific Fertility Rates for Australia in 1964 
* Retrieved from the World Population Prospects 2024 
* https://population.un.org/wpp/assets/Excel%20Files/1_Indicator%20(Standard)/CSV_FILES/WPP2024_Fertility_by_Age1.csv.gz 
* United Nations. Population Division. Department of Economic and Social Affairs 
* Data downloaded on  03 Jul 2025 17:36:47 CEST 
** NB: The original WPP annual rates have been converted into monthly rates 

birth 1 F single 0 
15 0 0 
16 0 0.000471333333333333 
17 0 0.00134316666666667 
18 0 0.00322033333333333 
19 0 0.00624116666666667 
20 0 0.008543 
21 0 0.01115175 
22 0 0.0144879166666667 
23 0 0.0162351666666667 
24 0 0.0182876666666667 
25 0 0.01937325 
26 0 0.01852725 
27 0 0.01783975 
28 0 0.01648125 
29 0 0.0153564166666667 
30 0 0.0138915 
31 0 0.01232075 
32 0 0.0106095833333333 
33 0 0.0101645833333333 
34 0 0.0086315 
35 0 0.00755008333333333 
36 0 0.00648125 
37 0 0.00565616666666667 
38 0 0.00473575 
39 0 0.00397791666666667 
40 0 0.00322508333333333 
41 0 0.00242883333333333 
42 0 0.00174333333333333 
43 0 0.00129708333333333 
44 0 0.000830916666666667 
45 0 0.000504416666666667 
46 0 0.000253916666666667 
47 0 0.00013925 
48 0 0.0000556666666666667 
49 0 0.0000229166666666667 
50 0 0.0000300833333333333 
101 0 0 

birth 1 F married 0 
15 0 0 
16 0 0.000471333333333333 
17 0 0.00134316666666667 
18 0 0.00322033333333333 
19 0 0.00624116666666667 
20 0 0.008543 
21 0 0.01115175 
22 0 0.0144879166666667 
23 0 0.0162351666666667 
24 0 0.0182876666666667 
25 0 0.01937325 
26 0 0.01852725 
27 0 0.01783975 
28 0 0.01648125 
29 0 0.0153564166666667 
30 0 0.0138915 
31 0 0.01232075 
32 0 0.0106095833333333 
33 0 0.0101645833333333 
34 0 0.0086315 
35 0 0.00755008333333333 
36 0 0.00648125 
37 0 0.00565616666666667 
38 0 0.00473575 
39 0 0.00397791666666667 
40 0 0.00322508333333333 
41 0 0.00242883333333333 
42 0 0.00174333333333333 
43 0 0.00129708333333333 
44 0 0.000830916666666667 
45 0 0.000504416666666667 
46 0 0.000253916666666667 
47 0 0.00013925 
48 0 0.0000556666666666667 
49 0 0.0000229166666666667 
50 0 0.0000300833333333333 
101 0 0 
