** Period (Monthly) Age-Specific Probabilities of Death for Australia in 1998 
* Retrieved from the World Population Prospects 2024. Single age life tables up to age 100 Medium variant 
* https://population.un.org/wpp/assets/Excel%20Files/1_Indicator%20(Standard)/CSV_FILES/WPP2024_Life_Table_Complete_Medium_Female_1950-2023.csv.gz and 
* https://population.un.org/wpp/assets/Excel%20Files/1_Indicator%20(Standard)/CSV_FILES/WPP2024_Life_Table_Complete_Medium_Male_1950-2023.csv.gz and 
* United Nations. Population Division. Department of Economic and Social Affairs 
* Data downloaded on  03 Jul 2025 17:37:30 CEST 
** NB: The original WPP annual probabilities have been converted into monthly probabilities 
** The final age interval is limited to one year [100-101) 

death 1 F single 
1 0 0.000366020107368192 
2 0 0.0000433319923137665 
3 0 0.0000283327480117279 
4 0 0.0000216667484441713 
5 0 0.0000191661869225479 
6 0 0.0000125000260093877 
7 0 0.00000999971661719279 
8 0 0.00000416676215586609 
9 0 0.00000999971661719279 
10 0 0.00000833371530217786 
11 0 0.00000833371530217786 
12 0 0.00000750030939278279 
13 0 0.00000916629543457059 
14 0 0.0000125000260093877 
15 0 0.0000183335152015296 
16 0 0.0000250001039088232 
17 0 0.0000299999494883796 
18 0 0.000031666347917958 
19 0 0.000031666347917958 
20 0 0.0000441657267835627 
21 0 0.000038332247120576 
22 0 0.000031666347917958 
23 0 0.000029166344928 
24 0 0.0000349992364201412 
25 0 0.0000274999923247643 
26 0 0.000039165935736496 
27 0 0.0000341664196621405 
28 0 0.0000358328944697339 
29 0 0.0000399987982981909 
30 0 0.000031666347917958 
31 0 0.0000374993998274453 
32 0 0.0000433319923137665 
33 0 0.0000433319923137665 
34 0 0.0000458323849097386 
35 0 0.0000449986351540588 
36 0 0.0000516655120934573 
37 0 0.0000599981281388384 
38 0 0.0000649982312016517 
39 0 0.0000641643056439323 
40 0 0.0000741635771550619 
41 0 0.0000741635771550619 
42 0 0.0000849963895356298 
43 0 0.0000916628639935357 
44 0 0.0000941620837694446 
45 0 0.000106660882083109 
46 0 0.00011499353478428 
47 0 0.000140823186918437 
48 0 0.000113327276884068 
49 0 0.000147488748988067 
50 0 0.000168319068138079 
51 0 0.000181650539875733 
52 0 0.000214143703108904 
53 0 0.000208311833698072 
54 0 0.000259966381945254 
55 0 0.000267464771815384 
56 0 0.000277461358401787 
57 0 0.000300788774467042 
58 0 0.00033327856547638 
59 0 0.000342441729215825 
60 0 0.000418246609500184 
61 0 0.000480718964532501 
62 0 0.000495711785237996 
63 0 0.000535691327028132 
64 0 0.000591493801468501 
65 0 0.000610649239828231 
66 0 0.000676441821853779 
67 0 0.000755552668415205 
68 0 0.000908762607696456 
69 0 0.000971206068565822 
70 0 0.00102948246423851 
71 0 0.00127171566899997 
72 0 0.00132664728275911 
73 0 0.00148976206998963 
74 0 0.00170776626571101 
75 0 0.00185834852458433 
76 0 0.00209042172582119 
77 0 0.00237816336497854 
78 0 0.00268828117465025 
79 0 0.00295593361794311 
80 0 0.00327504925258781 
81 0 0.00392384400140366 
82 0 0.00433323326438761 
83 0 0.00465202847392587 
84 0 0.00561465278763462 
85 0 0.00658418531361937 
86 0 0.00711974131550253 
87 0 0.00771979483284835 
88 0 0.00918364929791282 
89 0 0.0102046722200131 
90 0 0.0111062190940028 
91 0 0.0126862571812218 
92 0 0.0142106415263902 
93 0 0.0162317130554377 
94 0 0.0177284986539196 
95 0 0.0195830211320299 
96 0 0.0218227094319712 
97 0 0.0240686616203875 
98 0 0.0264497312920229 
99 0 0.0289559280348163 
100 0 0.0315740328529784 
101 0 0.0833333333333333 

death 1 M single 
1 0 0.000470592774633016 
2 0 0.0000466653085511304 
3 0 0.0000366657264949666 
4 0 0.0000199996997872764 
5 0 0.0000241665451951034 
6 0 0.0000133334777554506 
7 0 0.0000133334777554506 
8 0 0.00000999971661719279 
9 0 0.0000133334777554506 
10 0 0.0000125000260093877 
11 0 0.0000175000176134699 
12 0 0.00000750030939278279 
13 0 0.0000199996997872764 
14 0 0.0000133334777554506 
15 0 0.0000183335152015296 
16 0 0.0000308327280768017 
17 0 0.0000558321415637941 
18 0 0.0000591650823251744 
19 0 0.0000916628639935357 
20 0 0.0000833298473094102 
21 0 0.000109994018370752 
22 0 0.000106660882083109 
23 0 0.000119992491757204 
24 0 0.000104161318644547 
25 0 0.000104994776919165 
26 0 0.000123326116942768 
27 0 0.000123326116942768 
28 0 0.00011166021516984 
29 0 0.000110827530127589 
30 0 0.000109160514256912 
31 0 0.00012665902989617 
32 0 0.000112493742205344 
33 0 0.000128325532201545 
34 0 0.00012665902989617 
35 0 0.00012665902989617 
36 0 0.000131657793934314 
37 0 0.000119992491757204 
38 0 0.000129991230535031 
39 0 0.000134991012402996 
40 0 0.00012665902989617 
41 0 0.000147488748988067 
42 0 0.000142489948931956 
43 0 0.000165819478322393 
44 0 0.000157488008681206 
45 0 0.000178317279880047 
46 0 0.000174151711707426 
47 0 0.000197480183529275 
48 0 0.000207478262763794 
49 0 0.000211644523334331 
50 0 0.000259966381945254 
51 0 0.00026913051462274 
52 0 0.00031245138343361 
53 0 0.000330779453058483 
54 0 0.000360769155620888 
55 0 0.000418246609500184 
56 0 0.000460728196466365 
57 0 0.000522364814086851 
58 0 0.00057233820789615 
59 0 0.000617312437092954 
60 0 0.000702257739945256 
61 0 0.000828829518672691 
62 0 0.000874625087726844 
63 0 0.00092541398481516 
64 0 0.0011210547693945 
65 0 0.00118764799618498 
66 0 0.00135827368958219 
67 0 0.00146063624383519 
68 0 0.00168447029310514 
69 0 0.00180760216609788 
70 0 0.00203552712222344 
71 0 0.00221850040835236 
72 0 0.0025087044556803 
73 0 0.00279634668214079 
74 0 0.00314292452660958 
75 0 0.003519317957139 
76 0 0.00377101920181222 
77 0 0.00393796263159696 
78 0 0.00454245028427458 
79 0 0.00518818250290853 
80 0 0.00545785127157994 
81 0 0.00652282758124056 
82 0 0.00695809502392808 
83 0 0.00792530085074283 
84 0 0.00878359410097485 
85 0 0.009518228477018 
86 0 0.0104538796091299 
87 0 0.0120895408964886 
88 0 0.0137596204701308 
89 0 0.0144042917964405 
90 0 0.0148685643411693 
91 0 0.0176912380935951 
92 0 0.0191994226095428 
93 0 0.0205153613074689 
94 0 0.023876613482837 
95 0 0.026069814279909 
96 0 0.0273602539684101 
97 0 0.0296312982710147 
98 0 0.0319884484616701 
99 0 0.0344196491209559 
100 0 0.0369111078554057 
101 0 0.0833333333333333 
