** Period (Monthly) Age-Specific Fertility Rates for Australia in 1999 
* Retrieved from the World Population Prospects 2024 
* https://population.un.org/wpp/assets/Excel%20Files/1_Indicator%20(Standard)/CSV_FILES/WPP2024_Fertility_by_Age1.csv.gz 
* United Nations. Population Division. Department of Economic and Social Affairs 
* Data downloaded on  03 Jul 2025 17:36:55 CEST 
** NB: The original WPP annual rates have been converted into monthly rates 

birth 1 F single 0 
15 0 0 
16 0 0.000308 
17 0 0.00062775 
18 0 0.00140408333333333 
19 0 0.00218875 
20 0 0.00321291666666667 
21 0 0.00386066666666667 
22 0 0.0043715 
23 0 0.00493258333333333 
24 0 0.00571975 
25 0 0.00644 
26 0 0.00746908333333333 
27 0 0.00832608333333333 
28 0 0.00914941666666667 
29 0 0.00996441666666667 
30 0 0.0105693333333333 
31 0 0.010382 
32 0 0.01003925 
33 0 0.00922008333333333 
34 0 0.00825041666666667 
35 0 0.00725566666666667 
36 0 0.00604375 
37 0 0.00488183333333333 
38 0 0.00379516666666667 
39 0 0.00283383333333333 
40 0 0.00203966666666667 
41 0 0.00147883333333333 
42 0 0.0009495 
43 0 0.000588166666666667 
44 0 0.000327666666666667 
45 0 0.000159666666666667 
46 0 0.0000784166666666667 
47 0 0.0000435833333333333 
48 0 0.0000174166666666667 
49 0 0.00000875 
50 0 0.000004 
101 0 0 

birth 1 F married 0 
15 0 0 
16 0 0.000308 
17 0 0.00062775 
18 0 0.00140408333333333 
19 0 0.00218875 
20 0 0.00321291666666667 
21 0 0.00386066666666667 
22 0 0.0043715 
23 0 0.00493258333333333 
24 0 0.00571975 
25 0 0.00644 
26 0 0.00746908333333333 
27 0 0.00832608333333333 
28 0 0.00914941666666667 
29 0 0.00996441666666667 
30 0 0.0105693333333333 
31 0 0.010382 
32 0 0.01003925 
33 0 0.00922008333333333 
34 0 0.00825041666666667 
35 0 0.00725566666666667 
36 0 0.00604375 
37 0 0.00488183333333333 
38 0 0.00379516666666667 
39 0 0.00283383333333333 
40 0 0.00203966666666667 
41 0 0.00147883333333333 
42 0 0.0009495 
43 0 0.000588166666666667 
44 0 0.000327666666666667 
45 0 0.000159666666666667 
46 0 0.0000784166666666667 
47 0 0.0000435833333333333 
48 0 0.0000174166666666667 
49 0 0.00000875 
50 0 0.000004 
101 0 0 
