** Period (Monthly) Age-Specific Fertility Rates for Australia in 1981 
* Retrieved from the World Population Prospects 2024 
* https://population.un.org/wpp/assets/Excel%20Files/1_Indicator%20(Standard)/CSV_FILES/WPP2024_Fertility_by_Age1.csv.gz 
* United Nations. Population Division. Department of Economic and Social Affairs 
* Data downloaded on  03 Jul 2025 17:36:51 CEST 
** NB: The original WPP annual rates have been converted into monthly rates 

birth 1 F single 0 
15 0 0 
16 0 0.000476 
17 0 0.00102216666666667 
18 0 0.00209458333333333 
19 0 0.00338491666666667 
20 0 0.00465008333333333 
21 0 0.00590375 
22 0 0.00743375 
23 0 0.00907175 
24 0 0.0108096666666667 
25 0 0.011716 
26 0 0.0125575833333333 
27 0 0.0128494166666667 
28 0 0.012691 
29 0 0.01179875 
30 0 0.0106230833333333 
31 0 0.00910333333333333 
32 0 0.00778375 
33 0 0.0063055 
34 0 0.00516966666666667 
35 0 0.00409233333333333 
36 0 0.00328366666666667 
37 0 0.00247125 
38 0 0.00185341666666667 
39 0 0.00148108333333333 
40 0 0.00101558333333333 
41 0 0.000744416666666667 
42 0 0.0005305 
43 0 0.000282333333333333 
44 0 0.00019675 
45 0 0.0000855833333333333 
46 0 0.0000439166666666667 
47 0 0.0000250833333333333 
48 0 0.0000125833333333333 
49 0 0.00000625 
50 0 0.0000170833333333333 
101 0 0 

birth 1 F married 0 
15 0 0 
16 0 0.000476 
17 0 0.00102216666666667 
18 0 0.00209458333333333 
19 0 0.00338491666666667 
20 0 0.00465008333333333 
21 0 0.00590375 
22 0 0.00743375 
23 0 0.00907175 
24 0 0.0108096666666667 
25 0 0.011716 
26 0 0.0125575833333333 
27 0 0.0128494166666667 
28 0 0.012691 
29 0 0.01179875 
30 0 0.0106230833333333 
31 0 0.00910333333333333 
32 0 0.00778375 
33 0 0.0063055 
34 0 0.00516966666666667 
35 0 0.00409233333333333 
36 0 0.00328366666666667 
37 0 0.00247125 
38 0 0.00185341666666667 
39 0 0.00148108333333333 
40 0 0.00101558333333333 
41 0 0.000744416666666667 
42 0 0.0005305 
43 0 0.000282333333333333 
44 0 0.00019675 
45 0 0.0000855833333333333 
46 0 0.0000439166666666667 
47 0 0.0000250833333333333 
48 0 0.0000125833333333333 
49 0 0.00000625 
50 0 0.0000170833333333333 
101 0 0 
