** Period (Monthly) Age-Specific Probabilities of Death for Australia in 1983 
* Retrieved from the World Population Prospects 2024. Single age life tables up to age 100 Medium variant 
* https://population.un.org/wpp/assets/Excel%20Files/1_Indicator%20(Standard)/CSV_FILES/WPP2024_Life_Table_Complete_Medium_Female_1950-2023.csv.gz and 
* https://population.un.org/wpp/assets/Excel%20Files/1_Indicator%20(Standard)/CSV_FILES/WPP2024_Life_Table_Complete_Medium_Male_1950-2023.csv.gz and 
* United Nations. Population Division. Department of Economic and Social Affairs 
* Data downloaded on  03 Jul 2025 17:37:21 CEST 
** NB: The original WPP annual probabilities have been converted into monthly probabilities 
** The final age interval is limited to one year [100-101) 

death 1 F single 
1 0 0.00073235184310827 
2 0 0.0000566651568346677 
3 0 0.000038332247120576 
4 0 0.0000341664196621405 
5 0 0.0000208332202944472 
6 0 0.0000166665276674083 
7 0 0.0000158330453632338 
8 0 0.0000191661869225479 
9 0 0.0000108331454403698 
10 0 0.0000116665819044348 
11 0 0.0000141669371428454 
12 0 0.0000116665819044348 
13 0 0.0000125000260093877 
14 0 0.0000199996997872764 
15 0 0.0000199996997872764 
16 0 0.0000241665451951034 
17 0 0.0000266664106883807 
18 0 0.0000299999494883796 
19 0 0.0000308327280768017 
20 0 0.0000299999494883796 
21 0 0.0000358328944697339 
22 0 0.0000341664196621405 
23 0 0.0000433319923137665 
24 0 0.0000441657267835627 
25 0 0.0000424990992133889 
26 0 0.0000366657264949666 
27 0 0.0000466653085511304 
28 0 0.0000433319923137665 
29 0 0.000039165935736496 
30 0 0.0000408325021981071 
31 0 0.000039165935736496 
32 0 0.0000483320125058695 
33 0 0.0000549983000887044 
34 0 0.0000466653085511304 
35 0 0.0000458323849097386 
36 0 0.0000624981452916895 
37 0 0.0000599981281388384 
38 0 0.0000516655120934573 
39 0 0.0000891628787780263 
40 0 0.000095828824603239 
41 0 0.0000849963895356298 
42 0 0.0000924953734962042 
43 0 0.0000966622064806355 
44 0 0.000124158916488093 
45 0 0.000159987369389158 
46 0 0.000164153123299315 
47 0 0.000193314572160319 
48 0 0.000211644523334331 
49 0 0.000198313662774452 
50 0 0.000219975946741502 
51 0 0.000264964961197434 
52 0 0.00031245138343361 
53 0 0.000296622605853059 
54 0 0.000409917081119038 
55 0 0.000374930518804995 
56 0 0.000399088161535333 
57 0 0.000495711785237996 
58 0 0.000501542017178891 
59 0 0.000509871568946552 
60 0 0.000638132414189418 
61 0 0.000648959647418845 
62 0 0.000678106683181912 
63 0 0.000798020804158139 
64 0 0.000922083633528414 
65 0 0.00103947306361096 
66 0 0.00100034464738663 
67 0 0.00112688140438055 
68 0 0.0012608950622538 
69 0 0.0014040468269777 
70 0 0.0015696468683648 
71 0 0.00169695044444962 
72 0 0.00183172736046855 
73 0 0.00233159706294062 
74 0 0.00233575506386252 
75 0 0.00243054727319936 
76 0 0.00290938980586042 
77 0 0.00321189729193005 
78 0 0.00334567555516385 
79 0 0.00401935126731623 
80 0 0.0045241865686676 
81 0 0.00498237503601584 
82 0 0.00526701394391127 
83 0 0.00653692348615598 
84 0 0.00738000661456928 
85 0 0.00712968872578967 
86 0 0.00852348622887689 
87 0 0.00979563834156727 
88 0 0.0104795437007844 
89 0 0.011609487504225 
90 0 0.0129974313537546 
91 0 0.0132010158533259 
92 0 0.0145863586114835 
93 0 0.0167250668404614 
94 0 0.0185599420000435 
95 0 0.0216596236013523 
96 0 0.0220227279739784 
97 0 0.0239338271680379 
98 0 0.0259429521565254 
99 0 0.0280442337219797 
100 0 0.0302301076632107 
101 0 0.0833333333333333 

death 1 M single 
1 0 0.000882790332044525 
2 0 0.0000616650765675741 
3 0 0.0000574981797391017 
4 0 0.0000349992364201412 
5 0 0.0000358328944697339 
6 0 0.0000266664106883807 
7 0 0.0000308327280768017 
8 0 0.0000208332202944472 
9 0 0.0000258328366956606 
10 0 0.0000199996997872764 
11 0 0.0000199996997872764 
12 0 0.0000175000176134699 
13 0 0.0000208332202944472 
14 0 0.0000266664106883807 
15 0 0.0000333327768948788 
16 0 0.0000408325021981071 
17 0 0.0000599981281388384 
18 0 0.00010249442502086 
19 0 0.000118326142219627 
20 0 0.000121658871843011 
21 0 0.000124992558143577 
22 0 0.000140823186918437 
23 0 0.000119992491757204 
24 0 0.000125825372957022 
25 0 0.000120826095202364 
26 0 0.000110827530127589 
27 0 0.000113327276884068 
28 0 0.000116659823229059 
29 0 0.000108327852112788 
30 0 0.000109160514256912 
31 0 0.000107494363276728 
32 0 0.000108327852112788 
33 0 0.0000941620837694446 
34 0 0.0000999949761474328 
35 0 0.0000999949761474328 
36 0 0.000101661823937227 
37 0 0.00010249442502086 
38 0 0.000104994776919165 
39 0 0.000136657667474838 
40 0 0.000154987881941571 
41 0 0.000154154799892448 
42 0 0.00016665266728999 
43 0 0.000193314572160319 
44 0 0.000209144577024478 
45 0 0.000250802337573464 
46 0 0.000250802337573464 
47 0 0.000299122451319467 
48 0 0.000281627484634672 
49 0 0.000343274865961196 
50 0 0.00043157460591936 
51 0 0.0004765545914861 
52 0 0.000512370583382937 
53 0 0.00060981700373719 
54 0 0.000673943327762383 
55 0 0.000732236752748472 
56 0 0.000836323701292718 
57 0 0.000897938871585735 
58 0 0.000957884573884793 
59 0 0.00113936782766699 
60 0 0.00126588902820191 
61 0 0.00131000164646278 
62 0 0.00134329258852661 
63 0 0.00170610279716954 
64 0 0.0017352225713938 
65 0 0.00194070220021136 
66 0 0.00219188776621326 
67 0 0.00222848013411991 
68 0 0.00260182193691849 
69 0 0.00269410030627393 
70 0 0.00319361594970147 
71 0 0.00306813133851225 
72 0 0.00359408585100873 
73 0 0.00427760295912727 
74 0 0.00447520513471 
75 0 0.00484543121239323 
76 0 0.00554579457975024 
77 0 0.00581540438360606 
78 0 0.00639513060821451 
79 0 0.00718605374355874 
80 0 0.0077885751023159 
81 0 0.00800153223305178 
82 0 0.00879933260760724 
83 0 0.0104124840819592 
84 0 0.0109911556214644 
85 0 0.0120994745436117 
86 0 0.0126490150597278 
87 0 0.0139019623794046 
88 0 0.0152583673696864 
89 0 0.0159064212230818 
90 0 0.0176291385822689 
91 0 0.018978238175719 
92 0 0.0201141983861352 
93 0 0.0224884381895656 
94 0 0.0214680354958426 
95 0 0.0270097456824805 
96 0 0.027105037381467 
97 0 0.0289490630699016 
98 0 0.0308530005833113 
99 0 0.0328106295315086 
100 0 0.0348148988859898 
101 0 0.0833333333333333 
