** Period (Monthly) Age-Specific Fertility Rates for Australia in 1983 
* Retrieved from the World Population Prospects 2024 
* https://population.un.org/wpp/assets/Excel%20Files/1_Indicator%20(Standard)/CSV_FILES/WPP2024_Fertility_by_Age1.csv.gz 
* United Nations. Population Division. Department of Economic and Social Affairs 
* Data downloaded on  03 Jul 2025 17:36:51 CEST 
** NB: The original WPP annual rates have been converted into monthly rates 

birth 1 F single 0 
15 0 0 
16 0 0.000469333333333333 
17 0 0.000958 
18 0 0.00200683333333333 
19 0 0.00313825 
20 0 0.0043605 
21 0 0.00569916666666667 
22 0 0.00711358333333333 
23 0 0.00854458333333333 
24 0 0.0100588333333333 
25 0 0.01135675 
26 0 0.0125518333333333 
27 0 0.01278525 
28 0 0.0123351666666667 
29 0 0.01200175 
30 0 0.0110765833333333 
31 0 0.00949025 
32 0 0.00817283333333333 
33 0 0.00652825 
34 0 0.00563041666666667 
35 0 0.00427941666666667 
36 0 0.00337325 
37 0 0.00255341666666667 
38 0 0.00189583333333333 
39 0 0.001503 
40 0 0.000999166666666667 
41 0 0.000720083333333333 
42 0 0.000499833333333333 
43 0 0.000305 
44 0 0.000177916666666667 
45 0 0.0000931666666666667 
46 0 0.0000445 
47 0 0.00001275 
48 0 0.00000633333333333333 
49 0 0.00000633333333333333 
50 0 0.0000135 
101 0 0 

birth 1 F married 0 
15 0 0 
16 0 0.000469333333333333 
17 0 0.000958 
18 0 0.00200683333333333 
19 0 0.00313825 
20 0 0.0043605 
21 0 0.00569916666666667 
22 0 0.00711358333333333 
23 0 0.00854458333333333 
24 0 0.0100588333333333 
25 0 0.01135675 
26 0 0.0125518333333333 
27 0 0.01278525 
28 0 0.0123351666666667 
29 0 0.01200175 
30 0 0.0110765833333333 
31 0 0.00949025 
32 0 0.00817283333333333 
33 0 0.00652825 
34 0 0.00563041666666667 
35 0 0.00427941666666667 
36 0 0.00337325 
37 0 0.00255341666666667 
38 0 0.00189583333333333 
39 0 0.001503 
40 0 0.000999166666666667 
41 0 0.000720083333333333 
42 0 0.000499833333333333 
43 0 0.000305 
44 0 0.000177916666666667 
45 0 0.0000931666666666667 
46 0 0.0000445 
47 0 0.00001275 
48 0 0.00000633333333333333 
49 0 0.00000633333333333333 
50 0 0.0000135 
101 0 0 
