** Period (Monthly) Age-Specific Probabilities of Death for Australia in 1970 
* Retrieved from the World Population Prospects 2024. Single age life tables up to age 100 Medium variant 
* https://population.un.org/wpp/assets/Excel%20Files/1_Indicator%20(Standard)/CSV_FILES/WPP2024_Life_Table_Complete_Medium_Female_1950-2023.csv.gz and 
* https://population.un.org/wpp/assets/Excel%20Files/1_Indicator%20(Standard)/CSV_FILES/WPP2024_Life_Table_Complete_Medium_Male_1950-2023.csv.gz and 
* United Nations. Population Division. Department of Economic and Social Affairs 
* Data downloaded on  03 Jul 2025 17:37:13 CEST 
** NB: The original WPP annual probabilities have been converted into monthly probabilities 
** The final age interval is limited to one year [100-101) 

death 1 F single 
1 0 0.00132763155674664 
2 0 0.000107494363276728 
3 0 0.0000658313304726654 
4 0 0.0000466653085511304 
5 0 0.0000441657267835627 
6 0 0.0000349992364201412 
7 0 0.0000324991417722797 
8 0 0.0000283327480117279 
9 0 0.000023332994124492 
10 0 0.0000241665451951034 
11 0 0.0000241665451951034 
12 0 0.000023332994124492 
13 0 0.0000216667484441713 
14 0 0.0000349992364201412 
15 0 0.0000324991417722797 
16 0 0.000031666347917958 
17 0 0.0000408325021981071 
18 0 0.0000574981797391017 
19 0 0.0000533323077286374 
20 0 0.0000641643056439323 
21 0 0.0000441657267835627 
22 0 0.0000541653000921682 
23 0 0.0000449986351540588 
24 0 0.0000458323849097386 
25 0 0.000047499073593138 
26 0 0.0000583320441455148 
27 0 0.0000533323077286374 
28 0 0.0000624981452916895 
29 0 0.0000574981797391017 
30 0 0.0000624981452916895 
31 0 0.000060831181586618 
32 0 0.0000699977753336745 
33 0 0.0000874962601642437 
34 0 0.0000791636254107164 
35 0 0.000101661823937227 
36 0 0.000104161318644547 
37 0 0.000144989731928336 
38 0 0.000116659823229059 
39 0 0.000168319068138079 
40 0 0.000160820504897741 
41 0 0.000164986296992242 
42 0 0.000178317279880047 
43 0 0.000199979809025752 
44 0 0.000228307298496433 
45 0 0.000209144577024478 
46 0 0.000245803701571234 
47 0 0.000264131706270709 
48 0 0.000313284245286316 
49 0 0.000323281691818389 
50 0 0.000391590621106941 
51 0 0.000397421708986045 
52 0 0.000432407722937178 
53 0 0.000513203603468848 
54 0 0.000531526948486016 
55 0 0.000551516532642182 
56 0 0.00058982884904013 
57 0 0.000684768952520898 
58 0 0.000769709309144884 
59 0 0.000779701632247498 
60 0 0.000884617178757763 
61 0 0.000984526147868814 
62 0 0.00100867034891505 
63 0 0.0011651730299499 
64 0 0.00129252308175543 
65 0 0.00136326709341095 
66 0 0.0016045946797717 
67 0 0.00167698217712497 
68 0 0.00174187791455438 
69 0 0.00198395676954188 
70 0 0.00230581880482883 
71 0 0.00290190915168076 
72 0 0.00264172697726628 
73 0 0.00308558385589208 
74 0 0.0034935643522076 
75 0 0.0040401123933882 
76 0 0.0045059230350829 
77 0 0.00511598727600138 
78 0 0.00502138078171532 
79 0 0.00596719645202237 
80 0 0.00669445930096679 
81 0 0.00732696100949259 
82 0 0.00737420443319392 
83 0 0.00861543778520735 
84 0 0.00910082657462474 
85 0 0.0113040548570058 
86 0 0.0117021900975134 
87 0 0.0137016918582813 
88 0 0.0136735545845807 
89 0 0.0143182250992794 
90 0 0.0159312526417217 
91 0 0.0174519501206376 
92 0 0.0191033254338662 
93 0 0.0226320101134624 
94 0 0.0217035839232924 
95 0 0.0257128735656539 
96 0 0.0265994674171754 
97 0 0.0285745805587694 
98 0 0.0306208948875535 
99 0 0.0327307508352063 
100 0 0.0348953490236822 
101 0 0.0833333333333333 

death 1 M single 
1 0 0.00178002537661415 
2 0 0.000133324387889933 
3 0 0.0000891628787780263 
4 0 0.0000774971901148502 
5 0 0.0000549983000887044 
6 0 0.000038332247120576 
7 0 0.000049165792834871 
8 0 0.0000433319923137665 
9 0 0.0000374993998274453 
10 0 0.0000358328944697339 
11 0 0.0000324991417722797 
12 0 0.0000283327480117279 
13 0 0.0000308327280768017 
14 0 0.0000299999494883796 
15 0 0.0000441657267835627 
16 0 0.0000699977753336745 
17 0 0.0000933287248128245 
18 0 0.000132491504366894 
19 0 0.000174151711707426 
20 0 0.000165819478322393 
21 0 0.000174151711707426 
22 0 0.000182483038966952 
23 0 0.000147488748988067 
24 0 0.000153321725478772 
25 0 0.000131657793934314 
26 0 0.000131657793934314 
27 0 0.000110827530127589 
28 0 0.00011499353478428 
29 0 0.000118326142219627 
30 0 0.000124992558143577 
31 0 0.000116659823229059 
32 0 0.000127491859978179 
33 0 0.000134991012402996 
34 0 0.000119992491757204 
35 0 0.000141656981421323 
36 0 0.00016665266728999 
37 0 0.000176651530674921 
38 0 0.00018664898898646 
39 0 0.000208311833698072 
40 0 0.000256633591375066 
41 0 0.000231639885953872 
42 0 0.000265798223763714 
43 0 0.000319116164507083 
44 0 0.00035660358292311 
45 0 0.000326613582075641 
46 0 0.00041324880085114 
47 0 0.000458229764356721 
48 0 0.000511537570934029 
49 0 0.000546518933883577 
50 0 0.000672277703208102 
51 0 0.000732236752748472 
52 0 0.000738898792465248 
53 0 0.000851311398184396 
54 0 0.000979531626261854 
55 0 0.0010944161338371 
56 0 0.00112604948719264 
57 0 0.00135993840897608 
58 0 0.00141486588880291 
59 0 0.00163454817607933 
60 0 0.00177349300040752 
61 0 0.00193155254516642 
62 0 0.00199393798399317 
63 0 0.00241558065545111 
64 0 0.00257022893090175 
65 0 0.00280715258559561 
66 0 0.00326507805554743 
67 0 0.00324098048719823 
68 0 0.00374443839629801 
69 0 0.00402848588992688 
70 0 0.00463957671883741 
71 0 0.00502718971336513 
72 0 0.00467278082060885 
73 0 0.00564368844192564 
74 0 0.00628483986812844 
75 0 0.00678980339789736 
76 0 0.0076228364324834 
77 0 0.00880430231501494 
78 0 0.008441471797066 
79 0 0.00975920324901003 
80 0 0.0101831451761092 
81 0 0.0105126612068004 
82 0 0.0106732676098608 
83 0 0.012628326342934 
84 0 0.0140608538765821 
85 0 0.0143860851187875 
86 0 0.0158857289998814 
87 0 0.0173534244281736 
88 0 0.017711939753937 
89 0 0.0201780134679775 
90 0 0.0219980690314495 
91 0 0.0209879070446829 
92 0 0.025561477059901 
93 0 0.0286811504362844 
94 0 0.0268789851087786 
95 0 0.0263852531979119 
96 0 0.0310080184013102 
97 0 0.0328238673014438 
98 0 0.0346797192211962 
99 0 0.0365693920619689 
100 0 0.0384862219066857 
101 0 0.0833333333333333 
