** Period (Monthly) Age-Specific Probabilities of Death for Australia in 1951 
* Retrieved from the World Population Prospects 2024. Single age life tables up to age 100 Medium variant 
* https://population.un.org/wpp/assets/Excel%20Files/1_Indicator%20(Standard)/CSV_FILES/WPP2024_Life_Table_Complete_Medium_Female_1950-2023.csv.gz and 
* https://population.un.org/wpp/assets/Excel%20Files/1_Indicator%20(Standard)/CSV_FILES/WPP2024_Life_Table_Complete_Medium_Male_1950-2023.csv.gz and 
* United Nations. Population Division. Department of Economic and Social Affairs 
* Data downloaded on  03 Jul 2025 17:37:01 CEST 
** NB: The original WPP annual probabilities have been converted into monthly probabilities 
** The final age interval is limited to one year [100-101) 

death 1 F single 
1 0 0.0018973882545581 
2 0 0.000240804504927472 
3 0 0.000141656981421323 
4 0 0.0000816633356361951 
5 0 0.0000683306740973944 
6 0 0.000060831181586618 
7 0 0.000050831708836796 
8 0 0.000049165792834871 
9 0 0.0000274999923247643 
10 0 0.0000299999494883796 
11 0 0.0000433319923137665 
12 0 0.0000374993998274453 
13 0 0.0000424990992133889 
14 0 0.0000399987982981909 
15 0 0.0000449986351540588 
16 0 0.0000424990992133889 
17 0 0.0000374993998274453 
18 0 0.0000649982312016517 
19 0 0.0000624981452916895 
20 0 0.0000574981797391017 
21 0 0.0000741635771550619 
22 0 0.0000658313304726654 
23 0 0.0000708309204254798 
24 0 0.0000908295279488103 
25 0 0.0000616650765675741 
26 0 0.0000766639839228089 
27 0 0.0000991615637143672 
28 0 0.0000858296721063523 
29 0 0.0000916628639935357 
30 0 0.0000908295279488103 
31 0 0.000095828824603239 
32 0 0.000112493742205344 
33 0 0.000120826095202364 
34 0 0.000145822729980871 
35 0 0.000165819478322393 
36 0 0.00012665902989617 
37 0 0.000151655599556766 
38 0 0.000153321725478772 
39 0 0.00018664898898646 
40 0 0.00020247950326735 
41 0 0.000218309433895225 
42 0 0.000205811979051451 
43 0 0.00023413961561114 
44 0 0.000292457464232454 
45 0 0.000255800412828022 
46 0 0.00031245138343361 
47 0 0.000348273010303157 
48 0 0.000392423371627926 
49 0 0.000415747670816535 
50 0 0.000433240847593219 
51 0 0.000535691327028132 
52 0 0.000565675792430054 
53 0 0.000530694598608994 
54 0 0.000591493801468501 
55 0 0.000752221817015952 
56 0 0.000637299926307011 
57 0 0.000803017124623273 
58 0 0.000849645882937011 
59 0 0.000873792953898 
60 0 0.00101283222190751 
61 0 0.00104946307615106 
62 0 0.00110607057706669 
63 0 0.00129418828653505 
64 0 0.00158878504542181 
65 0 0.00154551579274287 
66 0 0.00195567496020244 
67 0 0.0017868038407679 
68 0 0.00208792664854562 
69 0 0.00230748133872105 
70 0 0.0026009901076065 
71 0 0.00291188349445026 
72 0 0.00308059732571742 
73 0 0.00353261035033603 
74 0 0.00423774724039172 
75 0 0.00477072891826213 
76 0 0.00532426713917244 
77 0 0.00590001163363574 
78 0 0.00581125673161575 
79 0 0.00757145445961738 
80 0 0.00756648248197578 
81 0 0.00860301208774905 
82 0 0.00819789964660067 
83 0 0.0092142930044814 
84 0 0.0108719498098986 
85 0 0.0129957771480457 
86 0 0.0140525770012587 
87 0 0.0157375742848529 
88 0 0.0168773873097137 
89 0 0.0171944627498127 
90 0 0.0194289101904299 
91 0 0.0235875764802759 
92 0 0.0195722499087557 
93 0 0.024042756129889 
94 0 0.0262562356301935 
95 0 0.0297489428125963 
96 0 0.0305160000508832 
97 0 0.0325953377696309 
98 0 0.0347285930967649 
99 0 0.0369063867390439 
100 0 0.0391185081876668 
101 0 0.0833333333333333 

death 1 M single 
1 0 0.00233234434331808 
2 0 0.00027829473554819 
3 0 0.000149155633233922 
4 0 0.000108327852112788 
5 0 0.0000941620837694446 
6 0 0.0000683306740973944 
7 0 0.0000758307853678808 
8 0 0.00006916463787765 
9 0 0.0000641643056439323 
10 0 0.0000616650765675741 
11 0 0.0000599981281388384 
12 0 0.0000416662137441293 
13 0 0.000060831181586618 
14 0 0.0000799968545148744 
15 0 0.0000791636254107164 
16 0 0.0000991615637143672 
17 0 0.000115826257990559 
18 0 0.000150821713331251 
19 0 0.000165819478322393 
20 0 0.000173318453996263 
21 0 0.000179150583419108 
22 0 0.00018664898898646 
23 0 0.000181650539875733 
24 0 0.000195814083098211 
25 0 0.000185816451737875 
26 0 0.000179983894598057 
27 0 0.000147488748988067 
28 0 0.000132491504366894 
29 0 0.000151655599556766 
30 0 0.000149988669465251 
31 0 0.000169985499537728 
32 0 0.000140823186918437 
33 0 0.000162486798824801 
34 0 0.000157488008681206 
35 0 0.000174151711707426 
36 0 0.000176651530674921 
37 0 0.000220808796943528 
38 0 0.000207478262763794 
39 0 0.000243303651093596 
40 0 0.000279128120336369 
41 0 0.000287459044663319 
42 0 0.000292457464232454 
43 0 0.00035743684951095 
44 0 0.000348273010303157 
45 0 0.00037576311666998 
46 0 0.000441570002117309 
47 0 0.000440736801093244 
48 0 0.000552349073287828 
49 0 0.000598989400944605 
50 0 0.000718912458933629 
51 0 0.000777203658546055 
52 0 0.000827164415599491 
53 0 0.000896273342726794 
54 0 0.00104197067445744 
55 0 0.00115518378452262 
56 0 0.00122926623086228 
57 0 0.00145647581137931 
58 0 0.00154218719969079 
59 0 0.00170111087630553 
60 0 0.00176683703776359 
61 0 0.00190160554034402 
62 0 0.00207212381232458 
63 0 0.00249373863905578 
64 0 0.0027090631724167 
65 0 0.00292268854995825 
66 0 0.003295821927911 
67 0 0.00307561106989318 
68 0 0.00382833044532638 
69 0 0.00400606389224578 
70 0 0.00408246570154591 
71 0 0.0045241865686676 
72 0 0.00468938261525564 
73 0 0.00559640176537468 
74 0 0.00613556238964819 
75 0 0.00682296509497982 
76 0 0.00783912316522128 
77 0 0.00825920870943564 
78 0 0.00794104486351044 
79 0 0.00920104181371117 
80 0 0.0101963924805238 
81 0 0.0100854441845492 
82 0 0.0109895003140263 
83 0 0.0121640285722453 
84 0 0.0140070610313991 
85 0 0.0160173330894403 
86 0 0.0167474172565195 
87 0 0.0186005278143759 
88 0 0.0208295498764944 
89 0 0.0198432068991471 
90 0 0.0225888558869486 
91 0 0.0251597912958942 
92 0 0.0269572712579065 
93 0 0.0305931097970373 
94 0 0.0329297930969417 
95 0 0.0338321562783257 
96 0 0.0363347984549216 
97 0 0.0387012930910587 
98 0 0.0410971981311099 
99 0 0.0435085978649299 
100 0 0.0459212381008183 
101 0 0.0833333333333333 
