** Period (Monthly) Age-Specific Fertility Rates for Australia in 1951 
* Retrieved from the World Population Prospects 2024 
* https://population.un.org/wpp/assets/Excel%20Files/1_Indicator%20(Standard)/CSV_FILES/WPP2024_Fertility_by_Age1.csv.gz 
* United Nations. Population Division. Department of Economic and Social Affairs 
* Data downloaded on  03 Jul 2025 17:36:44 CEST 
** NB: The original WPP annual rates have been converted into monthly rates 

birth 1 F single 0 
15 0 0 
16 0 0.000228666666666667 
17 0 0.000796 
18 0 0.00233358333333333 
19 0 0.00471758333333333 
20 0 0.00788933333333333 
21 0 0.0105581666666667 
22 0 0.0133525 
23 0 0.0156716666666667 
24 0 0.01713425 
25 0 0.0172180833333333 
26 0 0.01693375 
27 0 0.016666 
28 0 0.01578075 
29 0 0.0145900833333333 
30 0 0.0136044166666667 
31 0 0.0125358333333333 
32 0 0.01130725 
33 0 0.0100870833333333 
34 0 0.00917766666666667 
35 0 0.00815425 
36 0 0.0071865 
37 0 0.00629725 
38 0 0.00529308333333333 
39 0 0.00462333333333333 
40 0 0.00375925 
41 0 0.00312125 
42 0 0.00216433333333333 
43 0 0.00166608333333333 
44 0 0.00107291666666667 
45 0 0.00064025 
46 0 0.000324166666666667 
47 0 0.000178333333333333 
48 0 0.0000574166666666667 
49 0 0.0000255833333333333 
50 0 0.000019 
101 0 0 

birth 1 F married 0 
15 0 0 
16 0 0.000228666666666667 
17 0 0.000796 
18 0 0.00233358333333333 
19 0 0.00471758333333333 
20 0 0.00788933333333333 
21 0 0.0105581666666667 
22 0 0.0133525 
23 0 0.0156716666666667 
24 0 0.01713425 
25 0 0.0172180833333333 
26 0 0.01693375 
27 0 0.016666 
28 0 0.01578075 
29 0 0.0145900833333333 
30 0 0.0136044166666667 
31 0 0.0125358333333333 
32 0 0.01130725 
33 0 0.0100870833333333 
34 0 0.00917766666666667 
35 0 0.00815425 
36 0 0.0071865 
37 0 0.00629725 
38 0 0.00529308333333333 
39 0 0.00462333333333333 
40 0 0.00375925 
41 0 0.00312125 
42 0 0.00216433333333333 
43 0 0.00166608333333333 
44 0 0.00107291666666667 
45 0 0.00064025 
46 0 0.000324166666666667 
47 0 0.000178333333333333 
48 0 0.0000574166666666667 
49 0 0.0000255833333333333 
50 0 0.000019 
101 0 0 
