** Period (Monthly) Age-Specific Probabilities of Death for Australia in 1992 
* Retrieved from the World Population Prospects 2024. Single age life tables up to age 100 Medium variant 
* https://population.un.org/wpp/assets/Excel%20Files/1_Indicator%20(Standard)/CSV_FILES/WPP2024_Life_Table_Complete_Medium_Female_1950-2023.csv.gz and 
* https://population.un.org/wpp/assets/Excel%20Files/1_Indicator%20(Standard)/CSV_FILES/WPP2024_Life_Table_Complete_Medium_Male_1950-2023.csv.gz and 
* United Nations. Population Division. Department of Economic and Social Affairs 
* Data downloaded on  03 Jul 2025 17:37:26 CEST 
** NB: The original WPP annual probabilities have been converted into monthly probabilities 
** The final age interval is limited to one year [100-101) 

death 1 F single 
1 0 0.000490496901911608 
2 0 0.0000449986351540588 
3 0 0.0000258328366956606 
4 0 0.0000224994506968779 
5 0 0.0000224994506968779 
6 0 0.0000158330453632338 
7 0 0.00000999971661719279 
8 0 0.0000158330453632338 
9 0 0.0000108331454403698 
10 0 0.0000149995707006134 
11 0 0.00000750030939278279 
12 0 0.00000833371530217786 
13 0 0.0000116665819044348 
14 0 0.0000125000260093877 
15 0 0.0000175000176134699 
16 0 0.0000125000260093877 
17 0 0.0000224994506968779 
18 0 0.0000283327480117279 
19 0 0.000038332247120576 
20 0 0.000038332247120576 
21 0 0.0000358328944697339 
22 0 0.0000341664196621405 
23 0 0.0000349992364201412 
24 0 0.000039165935736496 
25 0 0.0000408325021981071 
26 0 0.0000341664196621405 
27 0 0.0000308327280768017 
28 0 0.0000299999494883796 
29 0 0.000038332247120576 
30 0 0.0000374993998274453 
31 0 0.0000399987982981909 
32 0 0.0000324991417722797 
33 0 0.0000499987470196084 
34 0 0.0000541653000921682 
35 0 0.0000499987470196084 
36 0 0.0000441657267835627 
37 0 0.0000499987470196084 
38 0 0.0000641643056439323 
39 0 0.0000716640731535101 
40 0 0.0000724972335176544 
41 0 0.0000816633356361951 
42 0 0.000082496587653802 
43 0 0.0000799968545148744 
44 0 0.0000949954503661754 
45 0 0.000123326116942768 
46 0 0.000129991230535031 
47 0 0.00013832351850418 
48 0 0.000154154799892448 
49 0 0.00016665266728999 
50 0 0.00017498497705748 
51 0 0.00022997399467295 
52 0 0.000239138445660148 
53 0 0.000259133172844983 
54 0 0.000293290978901628 
55 0 0.000271629603992407 
56 0 0.000339942364806278 
57 0 0.000355770323975602 
58 0 0.000440736801093244 
59 0 0.000420745616906193 
60 0 0.000498210410262545 
61 0 0.000465726104396214 
62 0 0.000585664504646366 
63 0 0.000662283757696835 
64 0 0.000731403402084885 
65 0 0.000788028147004072 
66 0 0.000847981239374573 
67 0 0.000930409740725224 
68 0 0.00101283222190751 
69 0 0.00116434076187777 
70 0 0.00130750426107773 
71 0 0.00144898615866407 
72 0 0.00154551579274287 
73 0 0.00193487927614655 
74 0 0.00200308796933024 
75 0 0.00221850040835236 
76 0 0.00245050318201312 
77 0 0.00281878930158808 
78 0 0.0031703476866165 
79 0 0.00357580958430048 
80 0 0.00396620040382356 
81 0 0.00462546487155091 
82 0 0.00494170791824022 
83 0 0.00546199955618332 
84 0 0.0063271318871857 
85 0 0.00699539926874304 
86 0 0.00794850212453302 
87 0 0.00903291102040671 
88 0 0.0103404544133565 
89 0 0.0104936189760476 
90 0 0.0122716228917413 
91 0 0.0132870820229215 
92 0 0.0155530054003402 
93 0 0.0168095041953467 
94 0 0.0180150080856565 
95 0 0.0195548492457992 
96 0 0.0219009879106311 
97 0 0.0239131799666835 
98 0 0.0260345216632822 
99 0 0.0282580881169406 
100 0 0.0305748547198026 
101 0 0.0833333333333333 

death 1 M single 
1 0 0.000659532152871067 
2 0 0.0000533323077286374 
3 0 0.0000399987982981909 
4 0 0.0000299999494883796 
5 0 0.0000175000176134699 
6 0 0.0000125000260093877 
7 0 0.0000149995707006134 
8 0 0.0000116665819044348 
9 0 0.0000191661869225479 
10 0 0.0000166665276674083 
11 0 0.0000125000260093877 
12 0 0.0000158330453632338 
13 0 0.0000183335152015296 
14 0 0.0000183335152015296 
15 0 0.0000224994506968779 
16 0 0.000039165935736496 
17 0 0.0000499987470196084 
18 0 0.00006916463787765 
19 0 0.0000808300912565896 
20 0 0.0000874962601642437 
21 0 0.000095828824603239 
22 0 0.0000899961995437515 
23 0 0.0000924953734962042 
24 0 0.00011499353478428 
25 0 0.00011166021516984 
26 0 0.0000991615637143672 
27 0 0.000118326142219627 
28 0 0.0000999949761474328 
29 0 0.0000983281589223006 
30 0 0.000109160514256912 
31 0 0.00011499353478428 
32 0 0.000122492490570281 
33 0 0.00010249442502086 
34 0 0.000104994776919165 
35 0 0.000106660882083109 
36 0 0.000106660882083109 
37 0 0.000122492490570281 
38 0 0.00011415998482589 
39 0 0.000135823918829381 
40 0 0.000129991230535031 
41 0 0.000143322924076039 
42 0 0.000164986296992242 
43 0 0.000159154241516912 
44 0 0.000173318453996263 
45 0 0.000185816451737875 
46 0 0.000229140225045943 
47 0 0.000213310913978915 
48 0 0.00022747437958015 
49 0 0.000267464771815384 
50 0 0.000308286352491471 
51 0 0.000345774322025538 
52 0 0.000378262629652681 
53 0 0.000434906282490544 
54 0 0.00043157460591936 
55 0 0.000535691327028132 
56 0 0.000534025720356324 
57 0 0.000625640862306875 
58 0 0.000731403402084885 
59 0 0.000753887227448957 
60 0 0.00096870787626302 
61 0 0.000973703487276545 
62 0 0.00115435160800226 
63 0 0.00125007490004192 
64 0 0.0014007174932783 
65 0 0.0015313690558143 
66 0 0.00168114254257201 
67 0 0.00187165820789603 
68 0 0.00215113652348575 
69 0 0.00226091285741359 
70 0 0.00246048107097596 
71 0 0.00272319555716505 
72 0 0.00317367185157058 
73 0 0.00336312367268299 
74 0 0.0035691638741 
75 0 0.00398447116772405 
76 0 0.0043963334416699 
77 0 0.00484128122440119 
78 0 0.00563124484152677 
79 0 0.00614219779326097 
80 0 0.00673757197352243 
81 0 0.00731701532334306 
82 0 0.0082244116880511 
83 0 0.00892357850430248 
84 0 0.00956129120608173 
85 0 0.0105689569309928 
86 0 0.0119554608525075 
87 0 0.0122467932932937 
88 0 0.0145557390692272 
89 0 0.0151425002992832 
90 0 0.0172143323774939 
91 0 0.0190693598863324 
92 0 0.0183976113767064 
93 0 0.0240103571371488 
94 0 0.0239198098670509 
95 0 0.0292603843657279 
96 0 0.0288404954055138 
97 0 0.031146754675145 
98 0 0.0335300471126511 
99 0 0.0359775466340098 
100 0 0.0384749172872076 
101 0 0.0833333333333333 
