** Period (Monthly) Age-Specific Probabilities of Death for Australia in 2013 
* Retrieved from the World Population Prospects 2024. Single age life tables up to age 100 Medium variant 
* https://population.un.org/wpp/assets/Excel%20Files/1_Indicator%20(Standard)/CSV_FILES/WPP2024_Life_Table_Complete_Medium_Female_1950-2023.csv.gz and 
* https://population.un.org/wpp/assets/Excel%20Files/1_Indicator%20(Standard)/CSV_FILES/WPP2024_Life_Table_Complete_Medium_Male_1950-2023.csv.gz and 
* United Nations. Population Division. Department of Economic and Social Affairs 
* Data downloaded on  03 Jul 2025 17:37:40 CEST 
** NB: The original WPP annual probabilities have been converted into monthly probabilities 
** The final age interval is limited to one year [100-101) 

death 1 F single 
1 0 0.000292921455908424 
2 0 0.0000216667484441713 
3 0 0.0000149995707006134 
4 0 0.00000583352049443597 
5 0 0.00000750030939278279 
6 0 0.00000416676215586609 
7 0 0.0000108331454403698 
8 0 0.00000750030939278279 
9 0 0.000000833337152839064 
10 0 0.00000666691112360951 
11 0 0.00000250003437562984 
12 0 0.00000583352049443597 
13 0 0.000000833337152839064 
14 0 0.0000116665819044348 
15 0 0.00000999971661719279 
16 0 0.0000191661869225479 
17 0 0.0000158330453632338 
18 0 0.0000183335152015296 
19 0 0.0000149995707006134 
20 0 0.0000199996997872764 
21 0 0.0000191661869225479 
22 0 0.0000199996997872764 
23 0 0.0000199996997872764 
24 0 0.0000224994506968779 
25 0 0.0000149995707006134 
26 0 0.0000158330453632338 
27 0 0.0000241665451951034 
28 0 0.0000224994506968779 
29 0 0.0000216667484441713 
30 0 0.0000266664106883807 
31 0 0.0000324991417722797 
32 0 0.0000358328944697339 
33 0 0.0000374993998274453 
34 0 0.000039165935736496 
35 0 0.0000341664196621405 
36 0 0.0000399987982981909 
37 0 0.0000433319923137665 
38 0 0.0000441657267835627 
39 0 0.0000549983000887044 
40 0 0.0000633312216504756 
41 0 0.0000566651568346677 
42 0 0.0000724972335176544 
43 0 0.0000741635771550619 
44 0 0.0000749975944498438 
45 0 0.0000841631146032418 
46 0 0.0000849963895356298 
47 0 0.0000941620837694446 
48 0 0.000117493396111668 
49 0 0.000136657667474838 
50 0 0.000142489948931956 
51 0 0.000149988669465251 
52 0 0.000151655599556766 
53 0 0.00017498497705748 
54 0 0.000192481973855463 
55 0 0.00020414572588634 
56 0 0.000219975946741502 
57 0 0.00023247284304484 
58 0 0.000277461358401787 
59 0 0.000272462927665029 
60 0 0.000302454292056553 
61 0 0.000309952007490732 
62 0 0.000339942364806278 
63 0 0.000406584646466923 
64 0 0.000433240847593219 
65 0 0.0004765545914861 
66 0 0.000516534922102352 
67 0 0.000552349073287828 
68 0 0.000564009636004781 
69 0 0.000639798252060064 
70 0 0.000775537820589478 
71 0 0.000783864794221101 
72 0 0.000889612374217474 
73 0 0.000977033204941358 
74 0 0.00115934646959637 
75 0 0.00124757747274928 
76 0 0.00141819404854615 
77 0 0.00156049385277213 
78 0 0.00181508916601569 
79 0 0.0020396860620886 
80 0 0.00230082882183602 
81 0 0.00265003991408397 
82 0 0.00303987564508634 
83 0 0.00356833265288414 
84 0 0.00418958728371954 
85 0 0.00502221048042728 
86 0 0.00554745389093825 
87 0 0.0063271318871857 
88 0 0.00730126691621746 
89 0 0.00865023023593747 
90 0 0.00970041066151195 
91 0 0.0110697957160243 
92 0 0.0125637729344363 
93 0 0.0139135472907662 
94 0 0.016091826957261 
95 0 0.0176473545993946 
96 0 0.0201710864369322 
97 0 0.0225409153706099 
98 0 0.0250818600074381 
99 0 0.027783120288257 
100 0 0.0306290645682393 
101 0 0.0833333333333333 

death 1 M single 
1 0 0.000316186778319905 
2 0 0.0000274999923247643 
3 0 0.0000158330453632338 
4 0 0.0000141669371428454 
5 0 0.00000750030939278279 
6 0 0.0000133334777554506 
7 0 0.00000833371530217786 
8 0 0.00000750030939278279 
9 0 0.00000750030939278279 
10 0 0.00000666691112360951 
11 0 0.00000583352049443597 
12 0 0.00000750030939278279 
13 0 0.00000416676215586609 
14 0 0.0000141669371428454 
15 0 0.0000158330453632338 
16 0 0.0000158330453632338 
17 0 0.0000199996997872764 
18 0 0.0000299999494883796 
19 0 0.0000424990992133889 
20 0 0.0000483320125058695 
21 0 0.0000516655120934573 
22 0 0.0000524984891835389 
23 0 0.0000441657267835627 
24 0 0.0000541653000921682 
25 0 0.000031666347917958 
26 0 0.0000516655120934573 
27 0 0.0000583320441455148 
28 0 0.000049165792834871 
29 0 0.0000599981281388384 
30 0 0.0000541653000921682 
31 0 0.0000574981797391017 
32 0 0.000060831181586618 
33 0 0.0000683306740973944 
34 0 0.0000666644373789049 
35 0 0.0000716640731535101 
36 0 0.0000866629623158532 
37 0 0.0000908295279488103 
38 0 0.0000774971901148502 
39 0 0.0000891628787780263 
40 0 0.000106660882083109 
41 0 0.00011166021516984 
42 0 0.000124158916488093 
43 0 0.000127491859978179 
44 0 0.00013832351850418 
45 0 0.00012665902989617 
46 0 0.000154987881941571 
47 0 0.000165819478322393 
48 0 0.00020081331119326 
49 0 0.00020247950326735 
50 0 0.000226641468296762 
51 0 0.000238305427479157 
52 0 0.000222475355618368 
53 0 0.00028579296589526 
54 0 0.000309952007490732 
55 0 0.000320782018008337 
56 0 0.00036410074724802 
57 0 0.00041324880085114 
58 0 0.000442403210781261 
59 0 0.000456563901936824 
60 0 0.000468224742632861 
61 0 0.000550683999625212 
62 0 0.000581499512432693 
63 0 0.000634801669253782 
64 0 0.000713083379911938 
65 0 0.00073473433031479 
66 0 0.000871294915427701 
67 0 0.000960382468488397 
68 0 0.00100617196848474 
69 0 0.0011843181455925 
70 0 0.00131000164646278 
71 0 0.00132747934873145 
72 0 0.00152887320049744 
73 0 0.00162789221469339 
74 0 0.00190410145575881 
75 0 0.00208293669985327 
76 0 0.00233991240033049 
77 0 0.00260348390328491 
78 0 0.00282876395891707 
79 0 0.00328585103699075 
80 0 0.00358827106337678 
81 0 0.00418211360902065 
82 0 0.00449762105500429 
83 0 0.0053201180990109 
84 0 0.00594977821390941 
85 0 0.00686193042253869 
86 0 0.00753581864799824 
87 0 0.00891778098235874 
88 0 0.00995544795615777 
89 0 0.0113611687515259 
90 0 0.0128972938102867 
91 0 0.0140682998224195 
92 0 0.0168095041953467 
93 0 0.0183023705745343 
94 0 0.01994762201947 
95 0 0.0218810990577668 
96 0 0.0248183505251643 
97 0 0.0273742293690797 
98 0 0.0300638995996126 
99 0 0.0328704216175714 
100 0 0.0357731902665848 
101 0 0.0833333333333333 
