** Period (Monthly) Age-Specific Fertility Rates for Australia in 2012 
* Retrieved from the World Population Prospects 2024 
* https://population.un.org/wpp/assets/Excel%20Files/1_Indicator%20(Standard)/CSV_FILES/WPP2024_Fertility_by_Age1.csv.gz 
* United Nations. Population Division. Department of Economic and Social Affairs 
* Data downloaded on  03 Jul 2025 17:36:58 CEST 
** NB: The original WPP annual rates have been converted into monthly rates 

birth 1 F single 0 
15 0 0 
16 0 0.000227833333333333 
17 0 0.000532 
18 0 0.00118858333333333 
19 0 0.00189516666666667 
20 0 0.00275125 
21 0 0.00341283333333333 
22 0 0.00378925 
23 0 0.004358 
24 0 0.00494358333333333 
25 0 0.005688 
26 0 0.006445 
27 0 0.00752475 
28 0 0.00858783333333333 
29 0 0.00976716666666667 
30 0 0.01040675 
31 0 0.0109595 
32 0 0.0111010833333333 
33 0 0.0109011666666667 
34 0 0.0103765 
35 0 0.00944383333333333 
36 0 0.00847625 
37 0 0.00712133333333333 
38 0 0.00592341666666667 
39 0 0.00463466666666667 
40 0 0.00365158333333333 
41 0 0.002591 
42 0 0.00170166666666667 
43 0 0.001086 
44 0 0.000641333333333333 
45 0 0.000342083333333333 
46 0 0.000189833333333333 
47 0 0.0000949166666666667 
48 0 0.0000604166666666667 
49 0 0.0000345 
50 0 0.00000216666666666667 
101 0 0 

birth 1 F married 0 
15 0 0 
16 0 0.000227833333333333 
17 0 0.000532 
18 0 0.00118858333333333 
19 0 0.00189516666666667 
20 0 0.00275125 
21 0 0.00341283333333333 
22 0 0.00378925 
23 0 0.004358 
24 0 0.00494358333333333 
25 0 0.005688 
26 0 0.006445 
27 0 0.00752475 
28 0 0.00858783333333333 
29 0 0.00976716666666667 
30 0 0.01040675 
31 0 0.0109595 
32 0 0.0111010833333333 
33 0 0.0109011666666667 
34 0 0.0103765 
35 0 0.00944383333333333 
36 0 0.00847625 
37 0 0.00712133333333333 
38 0 0.00592341666666667 
39 0 0.00463466666666667 
40 0 0.00365158333333333 
41 0 0.002591 
42 0 0.00170166666666667 
43 0 0.001086 
44 0 0.000641333333333333 
45 0 0.000342083333333333 
46 0 0.000189833333333333 
47 0 0.0000949166666666667 
48 0 0.0000604166666666667 
49 0 0.0000345 
50 0 0.00000216666666666667 
101 0 0 
