** Period (Monthly) Age-Specific Probabilities of Death for Australia in 1990 
* Retrieved from the World Population Prospects 2024. Single age life tables up to age 100 Medium variant 
* https://population.un.org/wpp/assets/Excel%20Files/1_Indicator%20(Standard)/CSV_FILES/WPP2024_Life_Table_Complete_Medium_Female_1950-2023.csv.gz and 
* https://population.un.org/wpp/assets/Excel%20Files/1_Indicator%20(Standard)/CSV_FILES/WPP2024_Life_Table_Complete_Medium_Male_1950-2023.csv.gz and 
* United Nations. Population Division. Department of Economic and Social Affairs 
* Data downloaded on  03 Jul 2025 17:37:25 CEST 
** NB: The original WPP annual probabilities have been converted into monthly probabilities 
** The final age interval is limited to one year [100-101) 

death 1 F single 
1 0 0.000591620456529274 
2 0 0.0000583320441455148 
3 0 0.0000258328366956606 
4 0 0.0000166665276674083 
5 0 0.0000116665819044348 
6 0 0.0000141669371428454 
7 0 0.00000999971661719279 
8 0 0.0000108331454403698 
9 0 0.0000125000260093877 
10 0 0.0000116665819044348 
11 0 0.00000999971661719279 
12 0 0.00000750030939278279 
13 0 0.00000999971661719279 
14 0 0.0000149995707006134 
15 0 0.0000208332202944472 
16 0 0.0000208332202944472 
17 0 0.0000258328366956606 
18 0 0.0000299999494883796 
19 0 0.0000499987470196084 
20 0 0.0000349992364201412 
21 0 0.0000466653085511304 
22 0 0.0000441657267835627 
23 0 0.0000274999923247643 
24 0 0.000038332247120576 
25 0 0.0000274999923247643 
26 0 0.0000374993998274453 
27 0 0.0000399987982981909 
28 0 0.0000349992364201412 
29 0 0.0000424990992133889 
30 0 0.0000366657264949666 
31 0 0.0000399987982981909 
32 0 0.0000524984891835389 
33 0 0.0000424990992133889 
34 0 0.000049165792834871 
35 0 0.0000524984891835389 
36 0 0.0000599981281388384 
37 0 0.0000533323077286374 
38 0 0.0000583320441455148 
39 0 0.0000641643056439323 
40 0 0.0000724972335176544 
41 0 0.0000808300912565896 
42 0 0.0000783304039441157 
43 0 0.0000924953734962042 
44 0 0.000100828396221719 
45 0 0.000112493742205344 
46 0 0.000113327276884068 
47 0 0.000147488748988067 
48 0 0.000163319957243613 
49 0 0.000179983894598057 
50 0 0.000170818726694777 
51 0 0.000224141944852319 
52 0 0.000248302985207616 
53 0 0.000254968077593176 
54 0 0.000303287898416049 
55 0 0.000324114652930696 
56 0 0.000324947621677563 
57 0 0.00035660358292311 
58 0 0.00043407314256505 
59 0 0.00041408174987112 
60 0 0.000509871568946552 
61 0 0.000504040802534189 
62 0 0.000599822376710302 
63 0 0.00065145745450268 
64 0 0.00077220707676473 
65 0 0.00081467459287532 
66 0 0.000931242393426346 
67 0 0.00100284202492973 
68 0 0.00111939020573171 
69 0 0.00119430637500861 
70 0 0.00135078283004109 
71 0 0.0015313690558143 
72 0 0.00158379194096325 
73 0 0.00186001223455978 
74 0 0.00211786869397668 
75 0 0.00239479307721879 
76 0 0.00255193853659907 
77 0 0.00284206377647389 
78 0 0.00326590822683792 
79 0 0.00360156230732245 
80 0 0.00422695269195283 
81 0 0.00451173399848015 
82 0 0.00478068987759916 
83 0 0.00579300772474745 
84 0 0.00618449355690576 
85 0 0.00720428956604857 
86 0 0.00802638942430789 
87 0 0.00900226542978944 
88 0 0.00970620683220613 
89 0 0.0110416510234532 
90 0 0.0130884644826729 
91 0 0.0140898172714438 
92 0 0.0144787727194302 
93 0 0.0172267516258373 
94 0 0.017408896709556 
95 0 0.0208743189210575 
96 0 0.0222637362416702 
97 0 0.0243319107736502 
98 0 0.0265116940180641 
99 0 0.0287953370388955 
100 0 0.0311728566368958 
101 0 0.0833333333333333 

death 1 M single 
1 0 0.00072904788368966 
2 0 0.0000541653000921682 
3 0 0.000039165935736496 
4 0 0.0000349992364201412 
5 0 0.000023332994124492 
6 0 0.000023332994124492 
7 0 0.0000175000176134699 
8 0 0.0000199996997872764 
9 0 0.0000125000260093877 
10 0 0.0000216667484441713 
11 0 0.0000141669371428454 
12 0 0.0000141669371428454 
13 0 0.0000141669371428454 
14 0 0.0000149995707006134 
15 0 0.0000266664106883807 
16 0 0.0000374993998274453 
17 0 0.0000499987470196084 
18 0 0.0000749975944498438 
19 0 0.000108327852112788 
20 0 0.0000999949761474328 
21 0 0.000118326142219627 
22 0 0.000108327852112788 
23 0 0.000122492490570281 
24 0 0.000113327276884068 
25 0 0.000103327868011815 
26 0 0.0000999949761474328 
27 0 0.00011166021516984 
28 0 0.000124992558143577 
29 0 0.000119992491757204 
30 0 0.000120826095202364 
31 0 0.000127491859978179 
32 0 0.00011415998482589 
33 0 0.000130824925681949 
34 0 0.0000924953734962042 
35 0 0.000107494363276728 
36 0 0.000127491859978179 
37 0 0.000107494363276728 
38 0 0.000109160514256912 
39 0 0.000141656981421323 
40 0 0.000130824925681949 
41 0 0.000149155633233922 
42 0 0.000164986296992242 
43 0 0.000183316380698795 
44 0 0.000177483983980542 
45 0 0.00020081331119326 
46 0 0.00020081331119326 
47 0 0.000241637546014029 
48 0 0.000275795462899797 
49 0 0.000287459044663319 
50 0 0.00031078568262588 
51 0 0.000362434936167055 
52 0 0.000377429172085941 
53 0 0.000422411660024435 
54 0 0.000493213228920042 
55 0 0.000568173826519192 
56 0 0.000579001111943311 
57 0 0.000699759375538789 
58 0 0.000789694214033188 
59 0 0.000852976943971684 
60 0 0.000980363887060243 
61 0 0.00101699512834774 
62 0 0.00114769278252458 
63 0 0.00129585267655186 
64 0 0.00151223026980418 
65 0 0.00165285310204555 
66 0 0.00179845062167172 
67 0 0.0019506846170888 
68 0 0.00213034376676036 
69 0 0.00233908125982318 
70 0 0.00265003991408397 
71 0 0.00286783068520391 
72 0 0.00298086745775572 
73 0 0.00357165584994112 
74 0 0.0036065463763032 
75 0 0.00405921289573663 
76 0 0.00467029081411385 
77 0 0.00514752155140341 
78 0 0.00565198453596416 
79 0 0.00618449355690576 
80 0 0.00674752045368276 
81 0 0.00743968007176132 
82 0 0.0081051032241064 
83 0 0.00885151672400286 
84 0 0.0100688841036187 
85 0 0.0108098618837537 
86 0 0.0121458229018303 
87 0 0.0134600438418103 
88 0 0.0140020958476335 
89 0 0.0155025197739613 
90 0 0.0182013348716624 
91 0 0.0190942129134004 
92 0 0.020757421248778 
93 0 0.0213253924360287 
94 0 0.0246693035604872 
95 0 0.0224793095817917 
96 0 0.0270587410496369 
97 0 0.028974281744734 
98 0 0.0309544087738962 
99 0 0.0329921129951473 
100 0 0.0350794254395749 
101 0 0.0833333333333333 
