** Period (Monthly) Age-Specific Fertility Rates for Australia in 1995 
* Retrieved from the World Population Prospects 2024 
* https://population.un.org/wpp/assets/Excel%20Files/1_Indicator%20(Standard)/CSV_FILES/WPP2024_Fertility_by_Age1.csv.gz 
* United Nations. Population Division. Department of Economic and Social Affairs 
* Data downloaded on  03 Jul 2025 17:36:54 CEST 
** NB: The original WPP annual rates have been converted into monthly rates 

birth 1 F single 0 
15 0 0 
16 0 0.000390333333333333 
17 0 0.000776 
18 0 0.001552 
19 0 0.0023445 
20 0 0.00339283333333333 
21 0 0.00404216666666667 
22 0 0.00467108333333333 
23 0 0.00545941666666667 
24 0 0.00647416666666667 
25 0 0.00722891666666667 
26 0 0.00852425 
27 0 0.00959816666666667 
28 0 0.0104639166666667 
29 0 0.01103 
30 0 0.0111131666666667 
31 0 0.010799 
32 0 0.00996708333333333 
33 0 0.00911008333333333 
34 0 0.00783716666666667 
35 0 0.00657258333333333 
36 0 0.00548591666666667 
37 0 0.00438033333333333 
38 0 0.00336691666666667 
39 0 0.00254616666666667 
40 0 0.00179233333333333 
41 0 0.00122816666666667 
42 0 0.000810416666666667 
43 0 0.00050125 
44 0 0.00030075 
45 0 0.000133666666666667 
46 0 0.00005975 
47 0 0.0000341666666666667 
48 0 0.0000085 
49 0 0 
50 0 0.00000616666666666667 
101 0 0 

birth 1 F married 0 
15 0 0 
16 0 0.000390333333333333 
17 0 0.000776 
18 0 0.001552 
19 0 0.0023445 
20 0 0.00339283333333333 
21 0 0.00404216666666667 
22 0 0.00467108333333333 
23 0 0.00545941666666667 
24 0 0.00647416666666667 
25 0 0.00722891666666667 
26 0 0.00852425 
27 0 0.00959816666666667 
28 0 0.0104639166666667 
29 0 0.01103 
30 0 0.0111131666666667 
31 0 0.010799 
32 0 0.00996708333333333 
33 0 0.00911008333333333 
34 0 0.00783716666666667 
35 0 0.00657258333333333 
36 0 0.00548591666666667 
37 0 0.00438033333333333 
38 0 0.00336691666666667 
39 0 0.00254616666666667 
40 0 0.00179233333333333 
41 0 0.00122816666666667 
42 0 0.000810416666666667 
43 0 0.00050125 
44 0 0.00030075 
45 0 0.000133666666666667 
46 0 0.00005975 
47 0 0.0000341666666666667 
48 0 0.0000085 
49 0 0 
50 0 0.00000616666666666667 
101 0 0 
