** Period (Monthly) Age-Specific Probabilities of Death for Australia in 1987 
* Retrieved from the World Population Prospects 2024. Single age life tables up to age 100 Medium variant 
* https://population.un.org/wpp/assets/Excel%20Files/1_Indicator%20(Standard)/CSV_FILES/WPP2024_Life_Table_Complete_Medium_Female_1950-2023.csv.gz and 
* https://population.un.org/wpp/assets/Excel%20Files/1_Indicator%20(Standard)/CSV_FILES/WPP2024_Life_Table_Complete_Medium_Male_1950-2023.csv.gz and 
* United Nations. Population Division. Department of Economic and Social Affairs 
* Data downloaded on  03 Jul 2025 17:37:23 CEST 
** NB: The original WPP annual probabilities have been converted into monthly probabilities 
** The final age interval is limited to one year [100-101) 

death 1 F single 
1 0 0.000657872668222814 
2 0 0.0000458323849097386 
3 0 0.0000283327480117279 
4 0 0.0000208332202944472 
5 0 0.0000199996997872764 
6 0 0.0000133334777554506 
7 0 0.00000916629543457059 
8 0 0.0000183335152015296 
9 0 0.0000133334777554506 
10 0 0.0000141669371428454 
11 0 0.0000116665819044348 
12 0 0.00000916629543457059 
13 0 0.0000116665819044348 
14 0 0.0000149995707006134 
15 0 0.0000108331454403698 
16 0 0.0000191661869225479 
17 0 0.0000308327280768017 
18 0 0.0000341664196621405 
19 0 0.000047499073593138 
20 0 0.0000516655120934573 
21 0 0.0000399987982981909 
22 0 0.000038332247120576 
23 0 0.000047499073593138 
24 0 0.0000399987982981909 
25 0 0.0000408325021981071 
26 0 0.0000366657264949666 
27 0 0.0000349992364201412 
28 0 0.0000299999494883796 
29 0 0.0000516655120934573 
30 0 0.000047499073593138 
31 0 0.0000433319923137665 
32 0 0.0000424990992133889 
33 0 0.000047499073593138 
34 0 0.0000524984891835389 
35 0 0.000050831708836796 
36 0 0.0000583320441455148 
37 0 0.0000658313304726654 
38 0 0.0000658313304726654 
39 0 0.0000733304015181346 
40 0 0.0000774971901148502 
41 0 0.0000974955959988089 
42 0 0.0000791636254107164 
43 0 0.000109160514256912 
44 0 0.000113327276884068 
45 0 0.000130824925681949 
46 0 0.000144989731928336 
47 0 0.000170818726694777 
48 0 0.000179150583419108 
49 0 0.00020081331119326 
50 0 0.000196647547065165 
51 0 0.000273296258978428 
52 0 0.000273296258978428 
53 0 0.000306619891870419 
54 0 0.000301621529446461 
55 0 0.000322448738340642 
56 0 0.000370765133681616 
57 0 0.000450733205219489 
58 0 0.000428242214228103 
59 0 0.000482385269852448 
60 0 0.000569006519811621 
61 0 0.000598157271651911 
62 0 0.000612315412814701 
63 0 0.000777203658546055 
64 0 0.000762214737634159 
65 0 0.000884617178757763 
66 0 0.000981196155485531 
67 0 0.00100617196848474 
68 0 0.00119846832082959 
69 0 0.00119930090176767 
70 0 0.0015521724973655 
71 0 0.00160376261437745 
72 0 0.0017868038407679 
73 0 0.00211121471539211 
74 0 0.00215612595831327 
75 0 0.00245299797941045 
76 0 0.00272070104274658 
77 0 0.00311300777800116 
78 0 0.00335481512035674 
79 0 0.00389145274504477 
80 0 0.00431994868611729 
81 0 0.00498901437929244 
82 0 0.00521722626578636 
83 0 0.00631220560649182 
84 0 0.00712057067523064 
85 0 0.00764189699000906 
86 0 0.00821198411040325 
87 0 0.0100763360889734 
88 0 0.010661678851168 
89 0 0.0112212800145541 
90 0 0.0132208781122455 
91 0 0.0135022499197395 
92 0 0.0167614909728009 
93 0 0.0170040495022551 
94 0 0.0197810585559676 
95 0 0.0225232939101343 
96 0 0.0235807795760319 
97 0 0.0257684820218587 
98 0 0.0280674981580636 
99 0 0.0304679603061412 
100 0 0.032957618573819 
101 0 0.0833333333333333 

death 1 M single 
1 0 0.000837354820030889 
2 0 0.000060831181586618 
3 0 0.0000516655120934573 
4 0 0.0000358328944697339 
5 0 0.0000266664106883807 
6 0 0.0000216667484441713 
7 0 0.0000183335152015296 
8 0 0.0000149995707006134 
9 0 0.0000199996997872764 
10 0 0.0000166665276674083 
11 0 0.0000241665451951034 
12 0 0.0000208332202944472 
13 0 0.0000191661869225479 
14 0 0.0000183335152015296 
15 0 0.0000283327480117279 
16 0 0.0000408325021981071 
17 0 0.000047499073593138 
18 0 0.0000899961995437515 
19 0 0.00012665902989617 
20 0 0.000128325532201545 
21 0 0.000124992558143577 
22 0 0.000129991230535031 
23 0 0.000134991012402996 
24 0 0.000118326142219627 
25 0 0.000113327276884068 
26 0 0.000110827530127589 
27 0 0.000107494363276728 
28 0 0.000105827408531933 
29 0 0.00011166021516984 
30 0 0.000117493396111668 
31 0 0.000116659823229059 
32 0 0.000108327852112788 
33 0 0.0000949954503661754 
34 0 0.000106660882083109 
35 0 0.00011166021516984 
36 0 0.000121658871843011 
37 0 0.0000999949761474328 
38 0 0.00011499353478428 
39 0 0.000121658871843011 
40 0 0.000164153123299315 
41 0 0.000148322604637041 
42 0 0.000154154799892448 
43 0 0.000175818250046644 
44 0 0.000193314572160319 
45 0 0.000207478262763794 
46 0 0.000222475355618368 
47 0 0.000270797123780198 
48 0 0.000290791293830805 
49 0 0.000344941162365831 
50 0 0.00036909920043493 
51 0 0.00043823808122001 
52 0 0.000449066642764784 
53 0 0.000521532548136472 
54 0 0.000550683999625212 
55 0 0.000599822376710302 
56 0 0.000691431710474477 
57 0 0.000798853925497167 
58 0 0.000901269179290676 
59 0 0.00098369384892727 
60 0 0.00111106531431671 
61 0 0.00123758929522544 
62 0 0.00128836189389048 
63 0 0.00138823400232579 
64 0 0.0015829600662518 
65 0 0.00174104628851479 
66 0 0.00191741104354437 
67 0 0.00216194773918854 
68 0 0.00240061394028002 
69 0 0.00254362430436117 
70 0 0.00288029839933479 
71 0 0.00316286876127303 
72 0 0.00332573427024441 
73 0 0.00394543706785933 
74 0 0.00422944362734723 
75 0 0.00473918696701137 
76 0 0.00483630078689945 
77 0 0.00555575001774067 
78 0 0.00596636693597719 
79 0 0.00653029037191499 
80 0 0.00767007362868066 
81 0 0.00788304084060831 
82 0 0.00854088272586795 
83 0 0.00948676026271744 
84 0 0.0109663216828233 
85 0 0.0118354487279716 
86 0 0.0128236390365504 
87 0 0.0144258089277715 
88 0 0.0171588627901661 
89 0 0.0164014012628495 
90 0 0.0179620103287281 
91 0 0.0197561980653288 
92 0 0.0205866497424577 
93 0 0.0232446291659388 
94 0 0.0221863996422589 
95 0 0.0284342135399401 
96 0 0.0281437288446961 
97 0 0.0300363337791879 
98 0 0.0319862035039096 
99 0 0.0339864812474049 
100 0 0.0360295038123593 
101 0 0.0833333333333333 
