** Period (Monthly) Age-Specific Fertility Rates for Australia in 1968 
* Retrieved from the World Population Prospects 2024 
* https://population.un.org/wpp/assets/Excel%20Files/1_Indicator%20(Standard)/CSV_FILES/WPP2024_Fertility_by_Age1.csv.gz 
* United Nations. Population Division. Department of Economic and Social Affairs 
* Data downloaded on  03 Jul 2025 17:36:48 CEST 
** NB: The original WPP annual rates have been converted into monthly rates 

birth 1 F single 0 
15 0 0 
16 0 0.000729083333333333 
17 0 0.001416 
18 0 0.00370333333333333 
19 0 0.00613558333333333 
20 0 0.0084905 
21 0 0.01074025 
22 0 0.0124525 
23 0 0.0153538333333333 
24 0 0.0166825 
25 0 0.0175853333333333 
26 0 0.0185629166666667 
27 0 0.0172123333333333 
28 0 0.0159798333333333 
29 0 0.0148311666666667 
30 0 0.01251075 
31 0 0.0112555833333333 
32 0 0.00938325 
33 0 0.008476 
34 0 0.00726933333333333 
35 0 0.00651166666666667 
36 0 0.00555425 
37 0 0.00453575 
38 0 0.00380591666666667 
39 0 0.00319966666666667 
40 0 0.00248725 
41 0 0.00197916666666667 
42 0 0.00134275 
43 0 0.000970416666666667 
44 0 0.000645583333333333 
45 0 0.000437333333333333 
46 0 0.000220583333333333 
47 0 0.0000923333333333333 
48 0 0.0000485 
49 0 0.0000226666666666667 
50 0 0.0000306666666666667 
101 0 0 

birth 1 F married 0 
15 0 0 
16 0 0.000729083333333333 
17 0 0.001416 
18 0 0.00370333333333333 
19 0 0.00613558333333333 
20 0 0.0084905 
21 0 0.01074025 
22 0 0.0124525 
23 0 0.0153538333333333 
24 0 0.0166825 
25 0 0.0175853333333333 
26 0 0.0185629166666667 
27 0 0.0172123333333333 
28 0 0.0159798333333333 
29 0 0.0148311666666667 
30 0 0.01251075 
31 0 0.0112555833333333 
32 0 0.00938325 
33 0 0.008476 
34 0 0.00726933333333333 
35 0 0.00651166666666667 
36 0 0.00555425 
37 0 0.00453575 
38 0 0.00380591666666667 
39 0 0.00319966666666667 
40 0 0.00248725 
41 0 0.00197916666666667 
42 0 0.00134275 
43 0 0.000970416666666667 
44 0 0.000645583333333333 
45 0 0.000437333333333333 
46 0 0.000220583333333333 
47 0 0.0000923333333333333 
48 0 0.0000485 
49 0 0.0000226666666666667 
50 0 0.0000306666666666667 
101 0 0 
